0
0.02
0
0
0
0
0
0
0.03
0.03
0
0
2.22
0
0.01
0
0
0
0
0
0
0
0
0
0.44
0
0
0
0.48
0
0
0
0
0
0
0
0
0
0
0
0
0.01
0
0
0.03
0
0.34
0
0
0
0
0
0
0
1.97
0
0
0
0
0
0
0
0
0
0
0
0
0
0
10.9
0
0.01
0.01
0
0
0.02
0
0
0
0
0.02
0
0
0.94
0.02
0
0
0
0
0
0.04
0
0
0
0
0
0
0
0.78
0
0
0
0
0.01
0
0
0
0
0
0.11
0
0
0
0
0
0.24
0
0.02
0
0
0
0
0
0
0
0
0
20.9
0
0.26
1.07
0
0
0
0
0
0.09
0
0
0
0
0
0
0
0
0
0
0
0
0
0
0
0
0
0
0
0.1
0
0
0
0.05
0.02
0
0
0
0.03
0
0
0
0
0.01
0
0
0
0
0
0
0
0
0
0
0.01
0
13.79
0
0
0
0
0
0
0
0.07
0
0
0
0
0
0
0
0
0
0
0
0
0
0
0.01
0
0
0.07
0
0
0.05
0
0
0
0
0
0
0
0
0
0
0
0
0
0
0
0
0
0
0
0
0
0.52
0
0
0
0
0
0
0
0.12
0.01
0
0
0
0
0
0
0
0
0
0
0
0
0
0
0
0
0
0.02
0
0
0
0
0
0
0
0
0
0
0.01
0
0
0
0
0
0
0
0.08
15.69
0.12
0
0
0
0
0
0
0
0
0
0
0
0
0
3.2
0
0
0
0.22
0
0
1.3
0
0
0.23
0
0.56
2.52
0
0
0
0
1.75
0
0
0.01
0
0
0
0
0
0
0
0.04
0
2.65
0
0.02
0
0
0
0
0
0
0
0
0
0
0.78
0
0
0
0
0
0
0
0
0
0
0
0
0
0
0.25
0
0
0
0
0.18
0
0
0
0
0
0
0
0
0
0.01
0
0
0
0
0
0
0.01
0
0
0
0
0.01
0
0
0
0
0
0
0
0
0.21
0
1.09
0
0
0
0
0
0.01
0
0
0
0
0
0
0
0
1.09
0.01
0
0
6.48
0
0
0
0
11.73
0
0
0.01
0
0.03
0
0
0.01
0
0
0.01
0
0
0
1.28
0.04
0
0
0
0
0
0.81
0
0
0
0.29
0
0
0
0
0
0
0
0
0
0
1.13
0.44
0
0
0
0
0
0
0
0
0
0
0.04
0
0
0
0
0.03
0
0
0
0
0.08
0
0
0
0
0
0
0.02
0.01
0
0
0.02
0
0
0
0
0
0
0.05
0
0
0
0
0
0.02
0
0.03
0
0.02
0.02
0
0
0
11.97
0.02
0
0
0
0
0
0
0
0
0
0
4.05
0
0
0
0
0
0
0
0
0
0
0
0
0
0
0
0
0
0
0
0.01
0
0
0
0
18.03
0
0
0
0
0
0
0.05
0
0
0
0
0.01
0
0
0
0
0
0
0
0
0
1.78
0
0
0
0
0
0.02
0
0
0
0
0
0
0
0
0
8.42
0
0
0
0
0.02
0.16
0
0
0.01
0
0.06
0
0.01
0
0
0
0
0
0.21
0.01
1.2
0
0
0
0
0
24.76
0
0
0.02
0
0
0
0
0.01
0
0
0
0.16
0
0
0
0
0
0
0
0
0
0
0
0
0
0
0
4.13
0
0
0
0.02
0
0
0.01
0
0
0
0
0
0
0.85
0
0
0
0
0
0.01
0
0.03
0
0
0.24
0
0
0
0
0
0
0
0
0
0.01
0
0
0
0
0
0.26
0
8.9
0
1.12
0
1.18
0.01
0
0
0
0
0
0
0
0.61
5.17
0
0
0
0
8.16
0.49
0
0
0
0
0.51
0
0
0
0
0.01
0
0
0
0
0
0
0
0
0.01
0
0
0
0
0
0.05
0
0
0
0
0
0
0
0
0.03
0
0
0.01
0
0
0.01
0
0.01
0
0
0
0
0
0
0
0
0.02
0
0
0
0
0
0
0
0.3
0
0.17
0
0
0
0
0.04
0
0
0
19.62
0
0
0
0
1.55
0
0.01
0
0
0.09
2.43
0
0
0
0.01
0
0
0.04
0
13.62
0
0
0
0
0
0
0.01
0.01
0
0
0.01
0
0.07
0
0
0
0
0
0
0
0.01
0
0
0
9.06
0
0.01
0
0
0
0.03
0
0
0
0
0
0.01
0
0
0
0
0
0
0
0.01
0
0
0.02
0
0
0
0
0
0
0
0
0
0
0
0
0
0
0.01
1.48
0
0
0
0
24.91
0
0
0
0
0
0
0
0
0.02
0
0
0
0
4.01
0
0
0
0.01
0
0.01
0
0
0
0
0
0
0
0
0
0.03
0.34
0
0
0
0
0.07
0
0
0
0
0
0
0
0
0
0
0
0
0
0
0
0
0
0
0.6
0.64
0
0
0.08
0
0
0
0
1.33
0
0.06
0
0
0
0
0.01
0
0
0
1.45
1.45
0.17
0
0
1.53
0
0
0.1
0
0
0
0
0
0
0
0
0
0
0
0
0
0
0.01
0
0
0
0
0
0
0
0
0
0
0
0
0
0
0
0
0
0
0
0
0
0
0
0.03
0
0
0
0
0.51
0
0
0.03
7.55
0
0
0
0
0
0
0.01
0.14
0
0
0
0.02
0
0
0
0
0
0
0
12.22
0.05
0
0.01
0
0
0
0
0
0
0
0
0
3.14
0.01
0
0
0.03
0.03
0
0
0
0
0.01
0
0
0.33
0
0
0.03
0
0
0.03
0
0
0
0
0
0.01
0
0
0
0.02
0
0
0
0
0
0
0
0.73
0
0
0
0
0
0
0
0.87
0.13
0
0
0
0
0.03
0
0
0
0
0
0
0
0
0
0.04
0.04
8.63
0
0
0
0
0
0.01
0
0
0
0
0.03
0
0
0.01
0
0
0
0
7.06
0
0
0
0
0
0
0
0.01
0
0
0
0.04
0.03
0
0
1.37
0
0
0.03
0
0
0
0.01
0
0
0
0
0
0
0
0
0
0
0
1.3
0
0.36
0
4.37
0
4.36
0
0
0
0
17.14
0
0
0
0.05
0.01
0
0
0
0
0
0
0
0
0.13
0
0
0
0.02
0
0.47
0
0
0.02
0.02
0
0
0
0
0
0
0
0
0.01
0
0
0
0
0
0
0
0
0
0
0
0.02
7.65
0
0.1
0
0.19
0
0
0
0
0
0
0
0
0.01
0
0
0.01
0
0.43
0
0
0
0
0.01
0
0
0
0
0
0
0
0
0
0
0
0
0
0
0
0
0
0
0
0
0.01
0
0
0
1.36
0
0
0
0
0
0
0
13.39
0
0
0
0
0
0
0
0
0
0
0
0.01
0
0
0
0
0.11
0
0.01
0
0
0
0
0
0
0
0.45
0
0
0
0
0
0
0
0
0
0
0
0
0
0
0
0
0
0
0
0
0
0
0
0
0.21
0.02
0
0
0
0.04
0
0
0
0
0
0
0
0.01
0
0
0
0
0
0
0
0
0
0.03
0
0
0.03
0.02
0
0
0
0
0
0
0
0
0
0
0.01
0
0
0
0
0
0.65
0
0
0
0.2
0.02
13.7
0
0
1.03
0
0
0
0
0.01
0
0
0
0.01
0
0
0
0
0
0.01
0
0.01
0
0.02
0
0
0
0
0
0
0
0
0
0
0
0
0
0
0
0
4.85
0
0.06
0
0
0.01
106.17
0
0
0
0
0
0
0.02
0.01
0
0
0
0
0
0.01
0.39
0
0
0
0
0
0.01
0
15.33
0
0
0
12.9
0
19.94
0
0
0.01
0
0
0.03
0.15
0
0
0
0.58
0
0
0
0
3.67
0
13.17
0
0
0.02
0
0
2.31
0
8.45
0
0.17
0.22
0
0
0
0
0
5.78
0
0
0
0
0
0
0
0
0
0
17.25
0
0.05
0
0.01
0
0.01
0
0
0
0
0
0
0
0
0
0
0
0.09
0
0
0
0
0.01
0
7.74
0
0
0
0
0.03
0.04
0
0
0
0
0
0
0.13
0
0
0
0
0
0
0.01
0
0.01
0
2.7
0
0.03
12.09
0
0
0
0
0
30.01
0.02
0
0
0
0
0
0
0.03
0
0
0
0
0
0
0
0
0.41
0
0
1.03
0
0
0
0
0
0
0
0
0
0
0.04
0
0
0
0
0
0.01
0
0
0.04
0.02
0
0
0
0
0
0.38
0.01
0
0
0.12
0.01
0
0
0
0
0
7.59
0.1
0
0
0
0
0
0
0
0
0
0
0.01
0
0
0
0
0
0
0
0
0
0
0
0
0
0
0
0
0
0
0
0
0
0
0
0
0
0.01
0.22
0
0
0
0.11
0
0
0
0
0
0
0.03
0.14
0
0
0
0
16.56
0
0
0
0
0
0
0.01
0
0
0
0
0
0
0
0
2.76
0
0.01
0
0
0
0.02
0
0
0
0
0.01
0
0
0
0
0
0
0.14
5.6
0.01
0
0
0
0
0
0
0
0
0
11.57
0
0
0
0
0
0
0.02
0
0
0
0
0.39
0.01
0
0
0
0
0
0.06
0
0
0
0
0
0
0
15.48
0.04
0.27
0
0
0
0
0.03
1.36
0
0
0
0
0
0
9.92
0
0
0
0.01
0.35
0
0.12
0
0
0
0
0
0
0
0
0.61
0.04
0
0
0
0.01
0
0
13.3
18.76
0
0
0
0
0
0
0
0
0
0
0
0
0
0
0
0
0.11
0
0
0
0
0.09
0.01
0
0
1.39
0
0
0
0
0.04
0
0
0
14.52
0.62
0
0
0
0
0
0
1.35
0.01
0.24
2.03
0
0
0
0
0
0
0
0.36
0
0
0.08
0
0
0
13.01
0
0
0
0
0
0
0
0
0
0
0
0
0
0
0
0
0
0
0
0
0.09
0
0
0
0
0
0
0
0.01
0
0
0
0
1.14
8.18
0
6.06
0
0
0
0
0
0
0
0
0
0
0
0
0
0.01
0.01
0
0
0
0
0
0
0
0
0.17
0
0
0
0
0
0
0
0
0
0
0.02
0
0
7.28
0
0
0
0.23
0
0
0
0
0
0.07
0
0
0
0
0
0.5
0
0
0.71
0
0
0
0
0
0.2
0
0
0
0
0
0
0
0
0.01
0
0
0
0.88
0
0
0
0
0
0
0
0
0
0
0
12.44
0
0
8.03
0
67.47
0
0
0.04
0
0
0
0
0
0
0
0
0
0
0
8.43
0
0
0.01
0
0
0
0
0
0
0
0
0
0
0.02
0
0
0.19
0
0
0
0.07
0
0.01
0
0
0
0
0
0
0
0
0
0
0
0
0
0.04
0
0
0
0
0.01
0
0
0
0.61
0
0.36
0
0.09
0
0
0
0
0
0
0
9.68
0
0
0
0
0
0
0.12
0.91
0
0
13.16
0.01
0
0
0.01
0
0
0
0
0
0
0
0
0
0
0
0
0
0
0
0
0
0
28.57
0.03
0
0.15
0
0.01
0
0
0
0
0
0
0
0
0.05
0
0
0
0
0
0
0.01
0
0
0
0
0
0
0
0
0
0
0
0
0.03
0.01
0
0
0.02
0
0
0
0
0
0
0
0
0
0
1.66
0.01
0
0
0
0
0.12
0
0
0
0
0
0
0
0
0
0.02
0
0
0
0
0
0.02
0
0.37
0.01
0
0
0
0
0
0
13.39
0
0
0
0
0
0
0
0
0
0
0
0
0
0
0
0
0
1.27
1.06
0
0.01
0
0
0
1.53
0
0
0
0
0
0
0
0
0.02
0
0
0
0
0
0.06
0
0
0
0
0
0.02
4
0.03
0
0
0
0
0
0
0
53.97
0
0
0
0
0
0
13.67
0
0
0
0
0
0
0
0
0
0
0
0.01
0.02
0
0
0
0
0
14.53
0
0
0
0
0
0.03
0
0
0
0
0
0
43.01
8.33
0
0
0.03
0
0
0
0
0
0
0.03
0
0
0
0
0
0
0.01
1.97
0
0
0
0.12
0
0
0
0
0.01
0
0
0
1.65
1.08
0
0
0.02
0
0
0
0.59
0
0
0
1.75
0.04
0
0
0.01
0
0.01
0
0
0
0
0
0
0
0
0
0
0
0
0.02
0
0
0.06
0.01
0
0
0
0
14.64
0
0
0
0
0.01
0
0.04
0
0.33
0
0
0
0
0.01
0
0
0
0.01
0.01
0
0
0
0
0
0
0
0
2.23
0
0
0.2
0
0
0
0
0.02
0.35
0
0.04
0
0
0
0
0
0
0
0.01
0
0
0
0
0
0.19
0
0
0.03
0
0
14.35
0
0
0
15.23
0
0
0
0.01
0
0
0.18
0
0.07
0.01
0
0
0
0
1.98
0
0
0
0
0
0
0.04
0.43
0.01
0
0
0
0
15.75
0
0
0.01
0
0
0.01
0
0.59
0
0
0
2.42
0.03
0.02
0
0
9.42
0
0
0
0
0.01
0
0
0.12
0
0
0.04
0
0
0
0
0
0
0
0
0
0
0
0
0
0
0
0
0
0.04
0.01
0
0
0.01
0
0.14
0
0
0
0
0
0.01
0
0
0
0.02
0
0.71
0
0.14
0
0
0
0
0
0
0
0
0
0
0
0
0
0
0
0
0
0
0.04
0
0
0.02
0
0
0
0
0
0
0
0.49
0
0
0
0
0
0
0
0
0
0.01
0
0.01
0
0
0.13
0
0
0
0
0
0
0.66
0.04
0
0
0
0
0
0
0
0.02
0.1
0.5
0
0
0
0.03
0
0.02
0
0
0.01
0
10.69
0
0
0
0.02
0
0
8.76
140.08
0
0
0.04
0
0
0
0
0
0.02
0
0
0
0.01
0
0
0
0
0
0.01
12.64
0
0
0
0
0
0
0.01
0
0
0.03
0.09
0
9.55
0
0.02
0.58
0.03
0.01
0
0
0
0
0
0
0
0
0
0
0.45
0.01
5.83
0
0
0.06
0
0
0.02
0
0.03
0
0
0
0
0
19.5
2.72
0
0
0
12.77
0
0
0
0
0
0.03
0
0
0
0
0
0
0
0
0
0
0
0.04
0
0
0
0
0
0.04
0
0
0
0.01
0
0.03
32.29
0
0.03
0
0
0
0
0.79
0
0
0.01
0.02
0
0.03
0.01
0
0.01
0
0
0
0
0
0.07
0
0
0
0
0.02
0.02
0
0.33
0.05
0
0
0
0
0.05
0
0
0
0.69
0.01
0.04
0
0
0
0
1.53
0
0
0
0
0
0
0
0
0
0
0
0
0
0
0.01
0
1.41
0
0
0
0
0
0
0
0.14
0
0
0.57
0
0
0
0
0
0.01
0
0
6.9
0
0
0
0.01
0
0.01
0.11
0
0.11
0
0
0
0
0
22.89
0
0
0
0
0
0
0
0
0
0
0
0
0
8.18
0.08
0
0
0
0
0
0
0
0
0
0.01
0.15
0
0
0
0
0
0.12
0
0
0
0.13
0
0
0
0
0
0
7.9
0
0
0
0
0
0
1.35
0
0
0
0
0.21
0
0
0
0
0
0
0.2
0
0
0
0
0
0
0
0
0
0.01
0
0
0
0
0
0.04
11.79
0.01
0
0
0
0
0
0.49
0
0
0.03
0.01
0
0
0
0
13.61
0
0
0
0
0.47
0
0
0
0
0
0.01
0
0
0.02
0
0
4.6
0
0
0
0
0
0
37.3
0
0
0
0
0
0
0.03
0
0
1.7
0
0
0
7.67
0.71
0
0.06
0
0
0
0.01
0
0
0
0
0
0.02
0
0
0
0
0
0
0
0
0.02
0
0
0
0
0
8.14
0
0.01
0
0
0
0
0
0.01
0
0
0
0
3.02
0
0.01
0
0
0
0
0
0
0
0
0
0
0
0.09
0
0
0
0
0
0
0
0
67.69
0
0
0
0
1.5
0
0
0
0
0
0
0
0
0
0
0
0
0
0
0
0
0
0
0
0
0.01
0
0
0.12
0
0
0
0
0
0
0
0
0.54
0
0
0
0
0.01
0
0
0
0
0
0
0
0
0
0
0
0
0
0
0
0
0
0
0
1.34
0
0
0
0
0
0
0
0
0
0
0
0
0
0
0
0
0
0
0
0.06
0.01
0.01
0
0
0.02
0
0
0
0
0
0
0
0
0
0
0
0
0
0
0.19
0
0
0
0
0
0
0.05
0
0
0
0.29
0
0
0
1.06
0.01
0
0
0
0
0
0
8.81
0
0
0.01
0
0
0
0
0
0
0
0
1.51
0
0
0
0
0
0
0
0
0
0
0
0.36
0
0
0
0
0
0
0.01
0
0
0
0
0
0
0
0
0
0
0
0
0.03
0.29
0
0
0.06
0
0
0
0
0
0
0
0
0
0.05
0
0
0.01
0.31
0
0
0
28.41
0
1.77
13.34
0
0.39
0.01
0
0.41
0
0
0
3.06
0
0
0.23
0
0
0.03
0
0
0
0
0.04
13.46
0
0
0
0
0.02
0
0
0
0
1.71
0
0
0
0
0
0
13.93
0
0
0
0
0.01
0
0
0
0.01
0
0.01
0
0
0
0
0
0
0
0
0
0
0
0.01
0
0
0
0
0
0
0
0
0
0
1.39
0
0
0.45
0
0
0
0
0
0
0
0.12
0
0
0
0.01
0
0
0
0
0
0
0
6.33
0.05
0
0
0
0
13.42
0
0
0
0
0
0
0
0
0
0
0
0
0
0
0
0
0
0
0
0
0
0
58.33
0
0
0
0
0
0.16
0
0
0
0
0
0
0
0
0
0.01
0
0
0
0.12
0
0
0
0.07
0.01
0
0
0.29
0
0
0
0
0
0.01
0
0
8.07
0
0
0
0
0
0
0
0
0
0
0
0
0
0
0
0
0
0
0
0
0
0.01
1.35
0
0
0
0
0
0
0
0
0
0
0
0.01
0
0
1.15
0
0
0
0
0
0
0
0
0.03
0
0.02
0
0
0
0
0
0
0
0
0
0.05
0
0.38
0
0
0.01
0
0
0
0
0
0
0
0
0.06
0.02
0
0
0
0
0
0
0
0.07
0
0.02
0
0
0
0
0
0
0
0
0
0.28
0
0
0
0
0
0
0
0
0.28
0
0
0
0
0.01
0
0.15
0
0
0
0
0
0
0
0
0
0.58
0
0
0
0
0
0
0
0
1.5
0
0
0
0
0.03
0.03
0
0
0
0
0
0
0
0
0
0
0
0.91
0
0
0
0
0
0
0
0
0.01
0
0
0.01
0
0
0
0
0
0
0.01
0
0
0
0
0
0
0.01
0
0
1.88
0
4.43
0
0.2
0
0
0
0.01
0
2.92
0
0
0
0
0
0
0
0
0
0
0
0
0
0
0
0
0.1
0.01
0
0
6.57
0
0
0
0
0
0
0
0
0.84
0
0
0
0
0
0
0
0.05
0
0
0
0.02
0
0
0
0
0
0
0
0
0
0
0
0
0
0
0.01
0
0
0.03
0
0
0
0
7.43
0
0
0
0
0
0
0
0
0
0.01
0
0
0
0
0
0
0
0
0
0
0
0
0
0
0
0
0
0
0
0
0
0
0
0
0
0
0
0
0
71.19
0
0
0
0
12.95
0
0
0
0
0
0
0
0
0
0
0
0
0.5
0
0
0
0
0
0.02
0
0
0
0
0
0.06
0
0
0
0
0
0
0
0.01
0
0
0
0
0.01
0
0.01
0
0
48.43
0
0
0
0
0
0.01
0
0
0
0
0
0.17
0
0.33
0
0
0
0
0.04
0
0
0
0
0
0
0
0
0
0.01
0
0
0
0
0
0
0
0
0
0
0
0
0
0
0
0
0.01
0
0
0.03
0
0
0
0.68
0
0.01
0
0
0
0
0
0
0
0
0
0
0.02
0
0
0
0.01
0
0
0
0
0
0.04
0
0
0
0
0.66
0
0
0
0
0
0
0
0
0
0.02
0
0
0
0
4.41
0
0
0
0
0
0.28
0
0
0
0
0.01
0
0.03
0
0
0
0
0
0
0
0
0.02
0.68
0
0
0.02
0
0
0
0
0
0
0
0.01
0
0
0.02
0
0
1.4
0.01
0
0
0
0
0
0
0
0
0
0.07
0
0.01
0
0
0.05
0
0
0.01
0
0.01
0
0
0
7.89
0
0
0
0
0
0
0
0
0.06
0
0
0.01
0
0
0
0
0.01
0
0
0
0
0
0
13.63
0
0
0
0
0
0
0
0
0
0
0.03
0
0
0
0
0
0
0
0
0.06
0.01
0
0
0
0
0
0.02
0
0
0
0
13.33
0
0
0
0
0
0
0
0
0
0
0
0.02
0
0
0.04
0
0
0
0
0
0
0
0
0
0
0
0
0.08
0
0
0
0
0
0.18
0
0
0
0.27
0.02
0
1.04
0
0
0
0
0
0
0
0
0.06
0
0
0
0
0
0
0
0.22
2.2
0
0
0
0
0.13
0
0
0
0
0
0.01
0
0
0
0
0.01
0
0
48.95
0
0
0
0
0
0
0
0
0
0
0
0
0
0
0.27
0
0
0
0
0
0
0
0
4.71
0
0.02
0
0
0.12
0
0
0
0
0
0
0
0
0
0
0
0.07
0
0
0
0.13
0
0
0
1.47
0
0.14
0
0
0.01
0
0
0
0
0
0
0
0
0
0.03
0
0
0
0
0.07
0
0
0
0
0
0
0
0
0.01
0
0
0
0
0
0
13.88
0.26
0
0
0
0.86
0
0
8.04
0
0
0
0
0
0
0
0
0
0
0
0
0
0
0.01
3.72
0
0
0
0
0.05
0
0
0
0.93
0
0
0.03
0
0
0
0
0.08
0.02
0
0
0
0.01
1.71
0
0
0
0
11.63
0
0.04
0
0.09
0
2.05
0
0
0
0
0
0
0.01
0
0
0
0
0
0.03
0
0
0
0
0.01
0
6.13
0
0
0.02
0
0.32
0
0
0
0
0
0
0
0.86
0
1.71
0
0
0
0
0
0
0
0
0
0
0
0
0
0
0
0
0.01
0
0
19.16
0
0
0
0.17
0.06
0
0
0
0
0
0
0
0
0
0
0
0
0
0
0
0
0
0
0
0
0
0
0
0
0
0.04
0.01
0.43
0
128.85
0.03
0
0
0.11
0
0.95
0
1.21
0
0
0
0
0
0
8.65
0
0.01
0
0
0
0
0.01
0
0
0.01
0
0
0
0
0
0
0
0
0
0
0
0
0
0
0
0
0
0
0
0
0
0
0
0
0
0.01
0
0
6.84
0
0
0
0
0
0
0
0
0.03
0
0
0
0
0
0
0
0
0
0
2.48
56.87
0.63
0
0
0
0
0
0
0
0
0
0.13
0.01
0
0
0
2.46
0
0.03
0
0
0
0
0
0
0
0
0
0
0
0
0
0.01
0
0
0
0
0
0
0
0
0
0
0
0
0
0.14
0
0
0.01
0
0
1.61
0.07
0
0
0
0
0
0
0.2
0.03
0
0
0
0
0.03
0.01
0.04
0
0
0
0
0
0
0
0
0
0
0
0
0.15
0.02
0.06
0
0
0
0.48
0
0
0
0
0
0
0
0
0
0
0
0.35
0.12
0
0
0
0
0
0
0.07
0
0.06
0.05
0.01
0
0
0.17
0
0
0
0
0
0
0
0.01
0.03
0
0
0
0
0
0
0
0.02
0
0
4.59
0
0
0
0
0
0.02
0
0
0
0
0
0
0
0
0
0
0
0
0
0
0
0
0
0
0
0
0
0
0
0
0
2.03
3.59
0
0
0
0.1
0.08
0.89
0
0
0.01
0
0
0.02
7.79
0
0
0
0
0.04
0
0
0
0.03
0
0
0
0
12.94
0
0
0
0
0
0
0
0
0.03
0
0
0
0
0
0
0
0
0
0
0
0
0
0
0
0
0
0.04
0
0
0.01
0
0.23
0
0
0
0
0.04
0
0
0
0.01
0
0
0
0
0
0
0
0
0
0
0
0
0
0
0
0
0.05
0
0
0.56
0
0
0
0
0
0
0
0
0
5
0.03
0
0
0
0
0
0.01
1.46
0
0
0
0
0
0.11
0
0.04
0
0
0
0
0
0
0.07
0
0
0
0
0
0.02
0
0.9
0.01
0
0
0
0
0
0
0
0
4.38
0
0
0
1.62
0
0
0
0.02
0
0.01
0
0
0.01
0
0
0
0
0.01
0
0
0
0
0
0
0
0.01
0
0
0
0
0.11
0
1.64
0
0
0
0
0
0
0
0
0
0
0
0
0.21
0
0
0
2.64
1.1
0
0
0
0
2.89
0
0.03
1.02
0
0
0.05
0
0
0.01
0
0.01
0
0
0
0
25.29
0
0.03
0
0
0
0
0
0
0
0
0
0
0
0
0.01
0
0
0.21
0
0
0
0.5
0.08
0
13.7
0
0.36
0
0
0
0
0
0
0
0
7.47
0.04
0
0
0
0
0
0
0
0
0.1
0
0
0
0
0
0
0
0
0
0
23.82
0.01
0
0
0
0
0
0
0
0
0
0
0
0
0
0
0
0.05
0
0
0.1
0
0
0
0.01
0
0
0
0
0
0.05
0
0
0
0
0
0
0
0
0
0
0
0
0.06
0
2.93
0
0
0
0
0
0
0
0.5
0
0.09
0
0
0
0
0
0
0
0
0
0
0
0
0.01
0
0.01
0
0
0
0
0
0
0
0
0
0
0
0
0
0
0
0
0.01
12.7
0.05
0
0
0
0
0
0
1.06
31.05
0.09
0
0
0
0
0
0
0
0
2.92
1.67
0
0.14
0.18
0.01
0
0
0
0
0
0
0.03
0.38
0
0
0
0.05
0.15
0
0
0
0
0
0.08
0
0
0
0
0
0.16
0
0
0
0
0.21
0.01
0.04
0
0
0.03
0.06
0.03
0
0
0
0
0.01
0
0
0
0
0
0
0
0
0
0
0
0
0
0
0
1.29
0
0
0
0
0
0
0
0
0.02
0
0.01
0.01
0.61
0
0
0
0
0.01
0.04
0
0
0
0
0.02
0
0
0
0
0
0
0
0.01
0.77
0.24
1.85
0
0.01
0
0
0
0
0.85
0
0
0
0
0
0
0
0.13
0
0
0
0
0.26
0
0
0
0.01
0.02
0
0.27
0
0
0
0
0
0.01
0
0
0
0
0
0
0
0
0
0
0.01
0
22.79
0.48
0
0
0.19
0
0.1
0
0
0
0
0
0
0
0
0
0
0
0
0
0
0.02
0.73
0
0
0
0
0
0.29
0
0
0
0.1
0
0.05
0
0
0
0.21
0
0
0
0.03
0
0
0.01
0
1.74
0
0
0
0
0
0
0
0
0
0
0
0
0
0
0
0
0
0
0
0
0
0
0
0
0
0
0
0
0.03
0
0
0
0
0
0
0.1
0
0
0.77
0.52
0
0
8.54
0
0
0.35
0.01
0.6
0
0
0
0
0
0.01
0
0
0
0
0.02
0
0.55
0
0
0
9.27
0
0
0.01
0.01
0
0.68
0
0
0
0
0
0.18
0
0
0
0
0
0
0
0
0
0
0
0
0
0
0
0
0
0
0
0
0
0
30.17
0
0
0
0
0
0
0
0
0
0
0.02
0
0
0.05
0.02
0
0
2.93
0
0
13.44
0
0.02
0
0
0
0
0.24
0
0.38
0
0
0
0
0.01
0
0
0
0
0
0.01
0
0
0
0
0
0
0
0
1.82
0
0.09
0.02
0
0
0.01
0
0
0
0
0
0
0.12
0
0
0
1.16
0
0
0
0
0
0
0
0
0.01
0
0
0
0
0
0
0
0
0
0
0
0
0
0
0
0
0
0
0
0
0
4.47
0
0.58
0
0
0
0
0.02
2.36
0
0
0.02
0
0
0
0
0
0
0
0
0
0.03
0
0
0
0
0
0
0
0
0
0
14.99
0.03
0
0
0
2.41
0
0
0
0
0.01
0.03
0
0
0
0
0
0.01
0.01
0.01
0
0
0.05
0
0.15
0
0
0
0
0
0
0
0
0
0
0.02
0
0
0
0
0
0.03
0
0
0
0
0.01
0
0
0.02
0
0
0
0
0
0
0
0
0
0
0
1.41
0
0
0
0.03
0.01
0
0
0.05
0
0
0
0.03
0
0
0.03
0
0
0
0
0
0.52
0
0
0
0
0
0
0
0
0
0
0.01
0
0
0
0
0.01
0
0
0.07
0
1.8
0
0
5.74
0.01
0
0
0.13
0
0
0
1.47
0
0
0
0.02
0
0
0
0
0
0
0
0
0.01
1.49
0
0
0
0
0
0
0.04
0
0
0
0
0.17
0
0
0
0.06
0.03
0
0
0
0
0
0
0.15
20.1
0.06
0
0
0.01
13.44
0
0
0
3.24
0
0
0
0
0
0
0
0
0
0
0
0.05
0
0
0
0
0.01
0
0
0.9
0
0
0
0
0
0
0
0
0
0
0.07
0
0
0.01
0
0
0
0
0
0.19
0
0
0.04
0
0
0
0
0
0
0
0
0
0
0
0
0
0
0
0
0
0
0
0
0.01
0
0
0
0
0
0
0
0.02
0
20.7
0
0
0
0.07
0
0
0
0.1
0
0
0
0
0.01
0.02
0
0
0
0
0
0
0
0
0
0
0
0
0
0
0
0
0.01
0
0
0
0
0
0
0
0
0
0
0
0
0
0.01
0
0
0.02
0
0
0.06
0
0
0
0
4.11
0
0
0.05
0
0
0
0
0
0
0
0
0
0
0
0
0
0
0
0
0
0
0.02
0
0
0.01
0
0
7.71
0
0
0
0.01
1.09
0
0
0
0
0
0
0
0
1.07
0
0
0
0
0
0.03
0
0.04
0.11
0
0
0.41
0
0
8.29
0
0
0
0
0
0
2.19
1.29
0.74
0
0
0
1.48
0
0
0
0.01
0
0.89
0
0
0
0.91
0.07
0
0
2.79
0
0
0
0
0
0
0
0
0
0.17
0
0
0
0
0
0
0
0.01
0
0.26
0
0.01
0
0
0
0
0
0
0
0
0
0
0
0
0
0
0
0
0
0
0
0
0
8.29
0
0
0
0
0
0
0
0
0
0
0
0
0
0
0
0
0
0
0
0
0
0.52
0
15.41
0.01
0
0
0
0
0.06
0.02
0
0
0
0
0
0.07
0
0
0
0
0
0
0
0
0
0
0
0
0
0.16
0
0
0.01
0
0
0
0
0
0
0
0
0
0
0.1
0
0
0
0
0
0
0
4.07
0
0
0.01
0
0
0
0
0.01
0
0
0
0
0
0.01
0
0
0
0
12.63
0
0
0
0
0
0.07
0
0
0
0
0.06
2.19
0
0
0
0
0
0.01
0
0
0
0
0
0
0
0
0
0
0
0
0
0
0
0
0.02
0.04
0.01
0
0.01
0
0
41.04
0
0
0
0
0
0.03
0.15
0
0
0
0
0
0
1.63
0
0
0
0
0
0
0
0
0
0
0
0
0
0
0
0
0
0
0
0
0
0
0.01
0
0
0.21
0
0
0
0
0
0
0
0
0
0
0
0
0
0
0
0.01
0
0
0
0
0
0
0
0
0
0
0.01
0
0
0
0
0
0
0.01
0
0
0
0
0
0
0
0
0
0
0
0
0
0
0.04
0
0
0
0
0
0
0
0.03
0
0
0
13.03
0
0.04
0
0
0
0
0
0
7.85
22.45
0
0
0
0
0
0
0
0
0
0
0
0
0
0
0.01
0
0
0
0
0
0
0
0
0
0
0
0
0
0
0
0
0
0
0.01
0
0
0
0
0
0.25
0
0
0
0
0.02
0.01
0.01
0.94
0.02
0
0
0
0
0.19
0
0.9
0
0
0
0
0.04
0
0
0.01
29.57
0.01
0
0
0
0.02
0
0
13.58
0.18
0
0.01
0.01
0.08
0
0
0.72
0
0
0
0
0
0
0.01
0
0
0
0
0
0
0
0
0
0
13.74
0.03
0.02
0
0
0
0
0
0
0.01
0
0
0
0
0
0.01
0
0
0
0
0.05
0.29
0.02
0.01
0
0.01
0.01
0
0
0.04
0
0
0
0
0
1.66
0.02
0.45
0
0
0.02
0
0
0
0
0
0.02
0
0
1.72
0.05
0.06
0
0.49
0
0
0
0
0
0
0
0.01
0
0
0
0
0
0
0
0
0
0
0
0.01
0
0
0
0.07
0
0
0
0
0
0.03
0
0
0.09
0
0
0.54
0
0
0
0
0
0
0
0
0
0
0
0
0.03
0
0
0
0
0
0
2.42
3.57
0
0
0.07
5.18
0
0
0.99
0
0
0
0
0
0
0
0
0
0
0
0.02
0
0
0
0
0
0.01
0
0
0
0.06
0.01
0
0
0
0
0
0
3.48
0
0
0
0
0
0
0
1.6
0.03
0
0
0
0
1.75
0
0
0
0.03
0
0.02
8.75
0
0
0.01
0
0
0.06
0
0
0
0.92
0
0
0
1.8
0
0
0
0.65
0
0
0
0
0
0
0
0
0
0
0
0
0
0.01
0
0
0
0
0
0
0
0
0
0
0
0
0
0.01
0
0
0
1.43
0
0
0
0
0.03
10.11
0
0
0
0
0
0
0
0
0
0.75
0
0
0
0
0
0
0
0
0.06
0
0.01
0
0
0
0.04
0
0
0
0
0
0
0.03
0.52
0
0
0
0
0
0
0
0.03
0
0
0
0
0
0
0
0
0
0
6.59
0
58.28
0
0.04
0
0
0
0
0
0
0
0
0
0
0
0
0
0
0.01
0
0
0
0
0
0
0
0
0
0
0
0.07
0
0
0
0
0
0
0.01
0
0
0
0
16.93
0
0
0.01
0
0
0
0
0.02
0
0
0
0
0
0
0
0
25.75
0
0
0
0
0.09
0
0
0
0
0
0
0.02
0
0
0
0
8.91
0
0
0
0
0
1.18
0
0
0
0
0
0.01
0
0
0
0
0
0
0
0
0
0
15.38
0
0
0
0
0
0.03
0.57
0
3.11
17.42
0
0.35
0
0
0
0.03
0
0
0
0
0
0
0
0
0
0
0
0
25.45
0
0
0
0
0
0
0
0
0
0.02
0
0
0
0
0
0
0
0
0.01
0
0
0
0
0
0
0
0
0
0
0
0.01
0
0
0.01
0
0
0
0
0
0
0
0
0
0
0
0
0
0
0.03
0
0
0
0
0
0
0
0
0
0
0
0
0
0
0
0.24
0.04
0
0
12.72
0
0.01
0.01
0
0
33.21
0
15.56
0
0
0.07
0
0
0
0
0
0
0
0
0
0
0
0
0
0
0
0
1.17
0
0
0
0
0.01
0
0.01
1.41
0
0.06
0.01
0
0
0.34
0
0
0.01
0
0
0
0
0
0
0
0
0
0
13.08
0.03
0
0
1.48
0
0
0
0
0
0
0
0
0.72
0
0
0
0
0
0
0
0
0
0.01
0
0
0
0
0
0
0
0
0
0
0
0
0
0.02
0
0
0
0
0
0
0
0
0
0
0.08
12.95
0
0
1.59
0
0
0
0
0
0.01
0
0
0
0.02
0
0
0
0
0
0
0
0.09
0
0
0
0
0
0
0.01
0
0
0
0
0
0.01
0
0
0
0
0
0
0
0
0
0
0
0
0
0
0
0
0
0
16.06
0
0
0.02
0
0
0
0
0.02
0
0
0
0
0
0
0
0
0
0
0
0.02
0
0
0
0
0.42
0
0
0
0.04
12.99
0.01
0
0
0
0
0
0
0.07
0
0
0
6.59
0.01
0
0
13.13
0.99
0
0
0
4.25
0.06
0.07
0
1.84
0
0
0
0
0
0.01
0.02
0
0
10.95
0.06
0
0
0
0.18
0
2.12
0
0
0
2.54
0
0
0.56
0
0
0
0
0
0
0
0
0.03
0
0
0
0
0
0
0
0
0
0
1.99
0
0
0
0
0
0
0
0
0
0
0
0
0
0
0
0
0
0
0
0
0
0
0
0
0
0
0
0.04
0
0
3.89
0
0
0
1.08
18.04
0
0
0
0.32
0
0
0
0
0
0
0
0
0
0
0
0
13.28
0
0.01
0
0
0
0.02
0
0
0
0
0
0
0.03
0
0
0
0
0
0
0
0
0
0
0
0.01
0
0
0
0
0
0
0
0.02
0.24
0
0
0
0
0.02
0
0
0
0
0
0
0.01
0
0
0
0
0.04
0
3.01
12.67
0.01
0
0
0
0.01
0.01
0.01
0.01
0
0
0
0
0
0
7.08
0
0
2.09
0
0.01
0
0
0
0
1.16
0.01
0
0
0.87
0
0
4.11
0
0
0
0
0
0.06
0
0
0.01
0
0
0
0
0
4.56
0.01
0
0
0
0
0
0
0
0
0.02
0
0.03
0.01
0
13.53
0
0
0
0
0
0
0
0
0
0
0
0
0.07
0
0.74
0
0.06
0
0
0
0
0
0
0
0
0.18
0
0
0
0
0
0
0
0
0
0
2.2
0
0.01
0
0
0
0
0
0
0.21
0.01
0
0.59
0
0
0.15
0
0
0
0.21
0
0
0
0
0
0
0
0
0
0
0
0
0
0
0
0
0
0
0.02
0
0
0
0
0
0
0.74
0.08
0
0
0
0
0
0
0
0
0
0.27
0.05
0
0
14.06
0.01
0
0
0.06
0.38
0
0.01
0
0
0
0
0
0
0
0
0
0
0
0
0
0
0
0
0.25
0.01
0
0
0
0.01
0
0
0
0
0
0
0.04
0
0
0
0
0
0
0
0
0
0
0
0.01
0
0
0
16.07
0.01
0
0.01
0.22
0
0
0
0.25
0
0.14
0
0
0
0
0.01
0
0
0
0
0
0
0
0
0
0
0
0
0
13.86
0
0
0
0.01
0
0
0.13
0.01
0
0
0
0.01
0
0
0
0.35
0
0
0.01
0
0
0
0
0
0
0
0
0
0
0
0
0
0
0
0
0
0
0
0
0.02
0
0
0
0
0
0
0
0
0
0
0.03
0
0
0
0
0
0
0
0
0
0
0.01
0
0
0
0
0
0
0
0
0
0.07
0
0
0
0
0
0
0
0
0
0
0
0.01
0.14
0
0
0.01
0
0.02
0
0
0
0
0
3.33
0
0
0
0
0
0
0
0.01
0
0
0
0
0.16
0
0
0
0
0.01
0
0
0
0.35
0
0.95
0
0
0
0.01
0
0
0
0
0
0
0
0
0
0
0
0
0
0
0.05
0
0
11.05
0.02
0
0
0
0
0
0
0
0
0
0.03
0
0
4.27
0
0
0
0
0
0
0
0
0
0
0
0
13.28
0
0
7.71
0
0
0
0
0
0.18
0
0
0
0
1.32
0
0
0
0
0
0
0
0
0
0
0
0.02
0
0
0
0.05
0
0
0
0.02
0
0
0
0
0
0
0
3.31
10.81
0
0
0
0
0
13.48
1.63
0
0
0.06
0
0
1.74
0
0
0
0
0
0
0
0
8.86
0
2.68
16.86
8.91
0
0
0
1.54
0
0
0
0
0
0.01
0
0
0
0
0
0
0
0.02
0
0
0
0
1.58
0
0
0.46
0
0
0
0.41
0
0
0
16.21
0
0.01
0.02
0
0
0
0
0
0.01
0
0
0
0.01
0
0
0
0.01
0
0.03
0.02
0
0
0
0
0
0.12
0
0
0
0
0
0
0
0
0.14
0
0
0
0.01
0.01
0
0
0
0
0
7.42
0
0
0
0.06
0
0
0
0
0
0
0
0
0
0
0
0
12.56
0.01
0
0
0.05
0
0
0
0
0.03
0
0
0
0.02
0.03
0
2.35
0
0
0
0
0
0
0
0
0
0
0
0.89
17.8
0.5
0
0
0
0
0
0
0.07
0
0
0
0
0
0
0
0
0
0.03
0
0
0
0.02
0
0
0
0
0
0
0
0
0
0
0
0.02
0
0
0
0
0
0
0
0
0
0.02
12.82
0
0
0
0.09
0.06
0
0
0.03
0
0
0
0
0
0.06
0
0
0
0
0
0
0
21.36
0
0
0
0
0.11
0
0
0.07
0
0
0
0
0
0
0
0
0
0
0
0.2
0
0
0
0
0
1.29
0
0
0
0.31
0.01
0
0
0.01
0
0.01
0
0
0
0
0.01
0.01
0
0.07
0
0.01
0.27
1
0
0
0
0
0
0
0
0.01
0
0
0
0
0
0
0
0
16.03
0
4.79
0
0.01
0
1.29
0
0.54
0
0
0
0
0
0
0.01
0
0
0
0
0
0
0
0
0.28
0
0
8.24
0
0
0
0
0
0
0
0
0
0
0
0
0
0.01
0
0
0
0
0
0.01
0
0
0
6.38
0
0
0
0
0.01
0
0
0.03
0
0.01
0
0.14
0
0
0
0.01
0
0
0
0
0
0
0
0
0
0
0
0
0
0
0
0.01
0
0.01
1.3
0
0
0
0
0
0
0.01
0
0.01
0.07
0
0
0
12.84
0
0
0.01
0
0
0
0
0
0
0
0
0.01
0
0
0.01
0
0.09
0
0
0
0
0
0.03
0
0.01
0
0
0
0.07
0
4.72
0
0
0
0
0
0
0
0
0
0
0
0
0
0
27.96
0.01
0
0
0
0
0
0
0
0
6.41
0
0
0
0
0
0
0
0
0
0.66
0.04
0.03
0
0
0
0
0
0
0
0
0
4.47
0
0
0
0
0.01
0.81
0
0
0
0
0
0
0
0
0
0
0
12.75
0.05
0.01
0
0
0.24
0
0
0
0
0.03
0.95
0
0
1.03
2.92
0
0
0
0.01
0
0
0
0
0
0
1.66
0
0.06
2.33
0
0
0
0
0.01
0
0
0
8.19
4.04
12.01
0
0.01
0
1.08
0
0
0
0
0
0
0.17
0
0.03
0
0
0
0
0
0
7.94
0
0
0.01
0
0
0
0
0
0
0
0.01
0.37
0
0
0
33.12
0
0
0
0
0
0.03
0
0
0
0
0
8.17
0
0
0
0
0.01
0
0
0
0
0
0
0
0.78
0.04
0
0
0
0
0
0
0
0
0
0
0
0
0
0.01
0
1.72
0
0
0
0.03
0
0
0.43
0
0
0
0
0
0
0.05
0.01
0
0
0
3.56
0
0
0
0.4
0
0
0
0.09
0
0
0
0
0
0
0
0
0
0
0
0
0
0
0
0
0
0
0.5
0
0
0
0
0
0
0
0.01
0
0.01
0
0
0
0
0
0
0
0
0
0
0
0.07
0
0
0
0
3.32
0
0.01
4.05
0
0
0
0
0.03
0
0.43
0
0
0.03
0
0
0
0
0
0
0
0
0
0.03
0
1.89
0
0
0
0
0.44
0
0
0
0
0
0
0
0
0
0.01
0
0
0
0
0.01
0
0
0
0
0
0
0
0
0
0
0
12.11
0
0
0
0
0
0
0
0
0
0
0.06
0
0.02
0
0
0
1.29
0
0
0.07
0.01
0
0
0
0
0.01
0
0
0
0
0
0.05
0
0
0.01
0
0
0
0
0
0
0
0.05
0
0
0
0
0
0
0
0
0.01
0.06
0
1.74
0
0.03
0
0
0.52
0
0
0
1.07
0
0.01
0
0
0
0
0
0
0
0
0.02
0.07
0.52
0
0
0
0
0
0
2.43
19.64
24.42
0.56
0
0
0
0
0
0
0
20.06
0.54
0
0
8.74
0.01
0
0
0
0
0
0
0
0
0
0
0
0
0
0
0
0.01
0
0
0
0.01
0
0
0
0
0
0
0
3.7
0
0
0
0
0
0
0
0
0.08
0
0
0
0
0
0
0.04
0
0
0
0
0
0.01
0
0.01
0
0
0.03
0
0
0
0
12.44
0.14
0
0
0
0
0
0
0
0
0
0
0.01
0
0
0.02
0
0
0
0
0.03
0
0
0
0
0
0
0.27
0
0
0.07
0
0
0
0
0
12.61
0
0
0
2.87
0
0
0
0
0
0
0
0
0
0
0
0
0
12.6
0.41
0
0.09
0
0
0.02
0
0
0
0.39
0.02
0
0
0
0
0
0
0
0
0
0
0.01
0
3.03
0
0.02
0
0
0
0
0
0
0
0
0
0
0.4
0
0
0
0.29
0
0
0
3.36
0
0
0
0
0
0
0
0
0
0
0.08
0
0
0
0
0
0
0
0
0
0
13.11
0
0
0
0.01
0
0
0.08
12.87
0
11.55
0
0
0
0
0
0
0
0.02
0
0
0
0.23
0
0.01
0
0
0
0
0
0
1.6
0
0.01
0
0
0
0
0
0.01
0
0
0
0
0
0
0
0
0
0
0
0
21.97
0.05
0
0
0
0.03
0
0
0
0
0
0
1.67
0
0
0
0
0
0
0.01
0.02
0
0.19
0
0
0
0.01
0
0
0
0
0.46
1.05
8.88
0
0
0
0.01
0
0
0
0
0
0
0
0
0
0
0
0
0
0
0.01
0
0
0
0.01
0
0
0
0
0.83
0
0.2
0.41
0
0
0
0
0
0.18
0.09
0
0.21
0
0
0
1.25
0.12
0.01
0.01
0
0
0
0
0
0
0
0
0
0.04
0
0
0.2
0
0
0
0
0
0
0
0
0
0
0
11.39
0.04
0
0
0
0.19
0.05
0
0
0
0
0
0
0
0
0.01
0
0
0
0
0
0
0
0
0
0
2.18
0.17
0
0
0
0
0
0
0
16.06
0.16
0
0
0
26.38
0
0
0
0
0
0
0
0.01
0.06
0
0
0
0
0
0.37
0
0
0
0
0
7.68
0
0
0.01
0
0
0
0
0
0
0
0
0.03
0
0
0
0
0.03
0
0
0
0
0
0
0
0.33
0.5
0
0
0
0
0
0
0
0.01
0
0
0
0
0
0
0
0.13
0
0.05
0
0
0
0
0
0.01
0
0
0
0
0.01
0
0.02
0
0
0
0
0.18
0
0
0.01
0
0
0.02
0
0.02
0
0.04
0
0.01
0
7.94
0.03
0
0
0
0
0.24
0
0
0
0
0
0
0
0
0
0.01
0
3.85
0.01
0
0
0
0
0
0
0.02
0
0
0
1.52
0
0.02
0
0
0
0
0
0
0
0
0
0
0.06
0
0
0.02
0
0
0
0.01
0
0
0
0.14
0
0
0
0
0
0.6
0
0
0
0
0
0
0.4
0.01
0
24.01
0.18
0
0
0
0
0
0
0
0
0
0
0
0
0
0.02
0
0
3.91
0
0
0
0
0
0
3.81
0.8
0.02
8.88
0.01
0
0
0
0
0
0
0
0
2.16
0
0
10.45
0
0
0
0.01
0
0.01
0
0
0.03
0
0
0
0
0
0.02
0
0
0
0
0
0
0
0
0
0.01
0
0
1.95
0
0
0
0.01
0
0
0
0
0
0
0
0
0
0.01
0
0
0.05
0
0
0.01
0
0
0
0
0
0.01
0
0
0
0
0
0
0.01
0
0
0
0.05
0
0
0
0
0
0
0.02
0
0
0
0
4.11
0.02
0
0.02
0.15
0
0.03
0
0
0
0
0
0
0.04
0
0
0
0.72
0
0.01
0.02
0
0.27
0
14.52
0
14.4
0.05
33.98
0.06
0
0
0
0
0.85
0.04
0
0
1.67
0
0
0.01
0.07
0
0
0
0
0
0
0
0
0
0
0
0
0.07
0
0
0
0
0.03
0
0
4.75
0.63
0
0
0
0
13.39
0
0.01
0
0
0
0.12
0.06
0
0
0
0
0
0
0
0
0
0
0.01
0
0
0.02
0
0
0
0
0.02
0
0
0
0
0
0.01
0
0
0
0
0.06
0
0
0
0
0.05
0
0
0.02
0
0
0.06
0.01
0
0
0.07
0.03
0
23.27
0
0
0.15
1.24
0
0
0
0
0.03
0
0
0
0
0
0.02
0
0
0
0
0
0
0
0
0
0
0
0
0
0
0
0.17
6.74
0
0
3.96
0
0
0.01
0
0
0.93
0
0
0
0.02
0
0
0
0
0
0
0
0.28
0
0
0
0
0
0.03
0
0
0
0
0
0
0
0
0
0
0
0
0
0
0
0
0
0
0
0
0
0
0
0
0
0.04
0
0.13
0
22.25
0
0
0.04
0
0
0
0
0
0
0
0
0
0
0
0
0
0
0
0
0
0.05
0
0
0
0
0
0
0.03
0
0
0
0
0.01
0
0
0.01
0
0
0.98
0.01
0
0
0
0
0
0
0
0
0.95
0.08
0
0
0
0
0
0
0
0
0.03
0
0
0
0
0
0
0
0
0
0.03
0
0
0
0
60.15
0
0
0
0
49.75
0
0
0
0.02
0.01
0.45
0
0
0.18
0
0
0
7.5
0
0
15.49
0
0
57.46
0
0
0
0
0
0
20.79
0.04
0.52
0
0
7.87
0
0
0
10.06
0.01
0
0
0
0
0
0
0
0
0
0
0
0.01
0
0
0.1
0
0.5
0
0
0
0
0
0
0
0
0
0
0
0
0
0.01
0.14
0.01
0
0.03
0
0.01
0
0
0
0.39
0
1.11
0
0
0.01
0
0
0
0
0
0
4.08
0
0
4.06
0
0
0
0
0
0
0
0
0
0
0
0
0
0
0
0
0
0.02
0
0.01
22.69
0
0
0
2.19
0
0
0
0
2.38
0.98
2.51
0
0
0.5
0
0
0
0
0
0
0
0
0
0
0
0.01
0
0
0
0
0
0
0
0
0
0
0
0
0
0
0
9.93
0
0
0
0
0
0
0.19
0
0
0
1.66
0
0
0.02
0
0.04
0
0.03
0
0
0
0.01
0
0
0
0
0
0
0
0
0.01
0
0
0.01
0
0
0
0
0
0
0
0.19
0
0.01
0
7.2
0
8.03
0
0
0
0.01
0
0
0
0
0
27.57
0
0.45
3.57
0
0
0
0.05
0
0.24
0
0
0
3.15
0
0
0
0
0
0
0
0
0
0.19
0
1.28
0.74
44.62
0
0.01
0
0
0
0
0
0
0
0
0
0
0
0
0
0
0
0.6
0
0
0
0.03
0
0
0
0
7.1
0
0
0
0
0
0
0
0
0
0.04
0
0
0
0
0
0
0
0
0.03
0
1.51
0
4.46
0
0
0
0.68
0
6.88
0.01
0
1.32
0
0
0
0
0
0
0
0
0
0
0
0
0
0
0.01
0.03
0
0
0
0.02
0
0
0
0
0.46
0
0
0
0
0
0.01
0
0
0
0.08
0
0
1.84
0
0
0
0.31
0
0
0
0
0.08
0
0.02
0.01
0
0.05
0
0
0
0
0
0
0
0.49
0
0
0.09
9.11
0
0
0.34
0
0
0
21.76
0
0
0
0
0
0
0.01
0
0
23.48
0
0
0
0.01
0.22
0
0
0
0.01
0
0
0
0.06
0
0
0
0
0
0
0
0
0
0
0
0
3.65
0
0
0
0.01
0
0.05
0
0
0
0
0
0
0.04
0
0
0
0
0
1.11
0
0
0
0
0.73
1.58
0
0
0
0
0
0.01
0
0
0
0
0
0
68.37
0
0
0
0
0
0
0
0.07
0
0
0
0
0
0
0.06
0
0
0
0.06
0
0
0
0.08
0
0
0.01
0
0
0
0
0
0
0.52
0
0
0
0
0
0
0
0
0
0
0
0
0
0
0
0
0
0
0
0
0.89
0
0
0.03
0
0
0
0
0
0
0.01
0
0
0
0
0
0
0
0.02
0
0
0
0.01
0
0
0.28
1.47
1.49
0
0.03
7.85
0
0
0
0
0
0.05
0
4.13
0.01
0
0
0
0
0
0
0
0
0
0.08
0.01
0
0
0
0
0
0
0
0
0
0
0
0
0
0
0
0
0
0
0
0.01
0.86
0
0
0
0.54
0.01
0
0
0.07
0
0.15
0
0
0
0
0
0
0
0
4.17
0
0
0
0
0
0
0
0.09
0.03
0
0
0
0
0
12.78
0
0
0
0
1.62
0
0
0
0
0
0
0.12
0
0
0.19
0
0
0
0
0
12.81
0
0
0
0
0
0
0
0
12.92
0.01
0
0
0
0.02
0
0
0
0
0.01
0
0
0
0
0
0
0
0
0
0
0
0
0
0.23
0
19.33
0
0
0
0
0
0.01
0
0
0
0
0
0
27.16
0.01
0
0
0
0.01
1.56
0
0
0
0
0
0
0
0
0
0
0
0
0
0.06
0
0
0.01
0
0.32
0
0
0.01
0
0
0
0
0
0
0
0
0.18
1.69
0.01
0
0
0
0
0
0
0
0
0.04
0
3.24
0
2.46
0
0.03
0
0.42
0
0
0
0
0
0
0
0
0
0
0
0
0
0
0.6
13.33
0.01
0
0
0
0
0
0
0
0
0
0
0
0
0
8.96
0
0.04
0
0
0
0
0
0
0.16
0
0
0.04
0
0
0
0
0.79
0
0
0
0
0
0
0
0
0
0.01
0
0
0
0
0
0
0
0
0.03
0
0
8.06
0.03
0
0
0
0
0
0
0
0
0
0.18
0.05
0
0
0
31.69
4.89
0
0.01
0.06
0
0
0
0
0
0
0.03
0
0.07
0
0
0
0
0
0.01
0
0
0
0
0
0
0
0
0
0
0
0
0
0
0
0
0
0
0
0
0
0
0
0.09
0.02
0
0
0
0
0
0.01
0
0
0
0
0.16
0
0
0
0
0
0
0.02
0
0
0
0
0
0.2
0
0
0
0
0
0
0
0.67
0
0
0
0
0
0
39.61
0
0
0
0
0
0
0
0
0
0
0
0
0
0
0.06
0
0
0
0.07
0
0
0
0
0
0
0
0
0
0
0
0
0
0.01
0
0
0.02
0
0
0
1.4
0
0.47
0
0
0.01
0
0
0
0
0
0
0
8.73
0
0.01
0
0
0
0
0
0
0
0
11.06
0.2
0.03
0.39
0.04
0.03
0
0
0
0
0
0
0
11.47
0
0
0
0
0
0
0
0
0
4.19
13.99
0
0
0.05
0
0.04
0.16
0
0
0
0
0
0
0
0
0.02
0
0
13.82
0
0.05
0
0
0
14.17
0
0
0.01
0
0
0
0
0
0
0
0
0
0
0
0
0
0
0
0
0
0
0.01
0
0
0
0
0
1.71
0
0
0
0.02
0
0
0
0
0
0.05
0
0
0.03
0.03
0
0
0
0
0
0
0
0
0
0
0
0
0
0
0.04
0
0
0
0.04
0
0
0
0
0
0
0
0
0
0
0
0
0
0
0
0
0
0
0
0
0
0
0.03
0
0
0
0
0
0.01
0.06
0
0
1.29
21.43
0
0.01
0.05
0.01
0
0
0
0
0
4.26
0.01
0
0
0
0
0.06
0
0
0
0.07
0
0
0
0.03
0
0
0
0.58
0
0
0
0
0
0
0
0.01
0
0.02
0
0
0
0
0.01
0
0
0
0
0.08
0.01
0
0
0.38
0
0.05
0
0
0.4
0.01
0
0
0
0
0
0.05
0
0
0
0.96
13.07
0
0
0
0
0
0
0
0
0
0
0
0
0
0
0.04
0
0
0
0
0.04
0
0
0
0
0
0.01
0
0
0
0
0
0
0
0
0
0
0
0
0.01
0
8.13
0.03
0.01
0.01
0
0
0.03
0.01
8.74
0.02
0
0
0
0
1.82
0
0
0
0
0
0
1.07
0
0
0
1.02
0
0
0
0
0
0
0
0
0
0
0.42
0.03
0
0
0
0
0
0
0
0.01
0
0
0.34
0.43
0
0
1.42
0.04
0
0
0.05
0
0
0
0
45.12
0
0.14
0
0
1.08
0
0.07
0
0
0
0
0
0
0
0
0
0.04
0
0
0
0.01
0
0
0.06
0
0
0
0
0
0
0
0
0
0
0
0
0.01
0
0.27
0
0
0
0
0.01
0
1.19
0
0
0
0
0
0
0
0
0.2
0
0
0
0.47
0
0
0
0
0
0.26
0
0
0
0
0
0
0
0
0
0
0
0
0
0
0
0
0
0
0
0
0
0
0
0
0
0.01
0
0
0
0
0
0
0
0
0
0
0.01
0
0
0
0
0
0.15
0
0
0
0
0.01
0
0
0
0
0
0
0
0
0
0
0
0
0
0
0
0
0
0
0
0
0
0
0
0
0
0
0
0
0
0
0
0
0
0
0
0
0
0
0
0.01
0.16
0.02
7.7
0
0
0
0
0
0
1.66
0
1.61
0.16
0
0
0
0
0
0
0
0
0
0.18
0
0.74
0
2.09
0.02
0
0
0
0
0
0
0
0.02
0.99
0
0
0
1.26
0
0
0
0
0
0
0
18.84
0
0
0
0
0
0
0
0
0
0
0
0.03
0
0.01
0
0
0
0
0
0
0
0
0
0
0
0
0
0
0
0
0.6
0
0
0
0.03
0
0
0
0
0
0
0
0
0
0
0
0
0.48
0
0
0
0
0.01
0
0
0
0
1.13
0
0
0
48.16
0
0
0
0
0
0
0
0
0.28
0
7.9
0
0
0
0.06
0
0
0
0.01
0
0.76
0
0.02
0
0
0
0
0
0
0
0
0
0
0
0.1
0
0
0
0
0
0
0
0
0
0
0
0
0
0
0
0.01
0
6.24
0.37
0
0
0
3.83
0
0
0
0
0
1.41
0
0.01
0
0
0
0.03
0
0.01
0
0
0
9.74
0
0
0
0
0
0
0
0
0
0
0
1.31
1.48
0
0
0
0
0.01
0
0.74
0
0
0
0
0
0
0
0
0
0
0
0
0
0
0
0
0
0
0
0
0
0.01
0
0
0
0
0
0
0
0
0
1.6
0
0
0
0
0.01
0
58.38
0
0
0
3.06
0
0
0
0
0
0
0
0
1.45
0
0.01
0
0
0
0
0
0
0
0
0
0
0.01
0
0
0
0
0
0
13.23
0
0
0.01
0
0
0
0.01
0
0
0.02
0
0
0
0
0
40.84
0
0
0
0.05
0
0
0
0
0
0
0
0
0
0
0
0
0
0
0
0
0
1.1
0.01
0.02
0
0
0
0
33.52
0
0.01
0
0
0
0
0
0.01
0
0
0
0
0
0
0
0
0
0
0
0
13.38
0
1.94
0
0
0
0
0.02
0
0
0
0.57
0
0.02
0
0
0
0
0
0
0
0
0
0
0
0
0.02
0.06
0
0
0
0
0
0
0.4
0.47
0
0
0
0
0.23
0
0
0.01
0
0
0
0
0
0
0
0
0
0
0
0
0
0
0.03
0
0
0
0
27.57
0
0
0
0
0
0
0
0
0
0
0
0
0
0
0.01
0.02
0.01
0
0.18
0
0
0
0
0
0
0
0.01
0
0
0
0
0.37
0
0.05
0
0
0
0.01
0
0
0
0.02
0
0
0
0
0.02
0.01
0
2.7
0
0
0
0
0
0
0
0
0
0
0
0
3.19
0.01
0
1.83
0.81
0
0
0
0
0
0
0
0
0
0
0
0
0
0
0
1.19
0
0
0.01
0
0
0
0
0
12.32
0
0
0.01
0
0
0.52
0
0
0.01
0
0
0
0
0
0
10.22
0
0
0
4.68
0
0
0
0
0.03
0
0
0
0
0
0
0
0
0
0
0
0.01
4.8
0
0
23.7
0
0
0.01
0
0
0
0
0
0
0
0
0
4.82
0
0
0
0
0.01
0
0
0
0
0
0
0
0
0
0
0
0
0
0.02
0
0.02
0
0
0.35
0
1.38
0
0
0
0
0
1.39
0
0
0
0.01
0.02
0
0
0
0.01
0
0
0
0
0
0
0
0.04
0
0
13.28
1.08
0
0
0
0.02
0
0
0
0
0
0
0
0
0
0
1.71
0
0
0
0
0
0
0
0
0
0
1.19
0
0
0
0
0
0
0.65
0
0.08
0
0
0
0
0
0
0
0
0
0
0
0
0.03
0
0
0
0
0
14.5
0
0.07
0
0.11
0.01
0
0
0.01
0
0
0
0
0
0
0.13
0
0
0
0
0
0
0
0
0
0
0
0
0
0
0
0
0
0
0.01
0
0
0
0
0
0.03
0
42.14
0
0
0
0
0
0
0.01
0
0
0
0
0
0
0
0
0
0
0.15
0
0
0
0
0.01
0
0
0
0
0
0
0
9.01
0
0
0
0
0.01
0
0
0.01
0.01
0
0
0
2.13
0
0
0
0.01
0
0
0
0
0
0
0
0.01
7.89
0
0
13.34
12.75
0
0
5.37
0
0
0
0
0.19
0.53
1.13
0
0
1.8
0
0
1.27
0
0
0
0
0
0
0.21
0
0
0
0
0
0
0
0.03
0
0
0
0
0
0
0
0
2.3
0
0.01
0
0
0.02
0
0
2.01
0
0
0
0
0
0
0.01
0
0.02
0
0
0
2.26
0
0
0
0
0
0
0
0
0
9.5
0
0
0
0
0
0
1.61
0
0
0.01
0
0
0
0
0
0
0
0.19
0.06
0.01
0
0
0.01
0.02
0
0.46
0.21
0
0
0
0
0
0.01
0
0
0
0
0
0
0
0
0.01
1.41
0
0
0
0
0
0
0
0
0
0
0.2
0.16
0
0
0
0
0
0
1.07
0
7.95
0
0
0
0
0
0
0.01
0
0
0
0
0.01
0
0
0
0.77
0
0
0
0
0
0.01
0
0
0.04
0
0
0
0
0.05
0
0
0
0
0.1
0
0
0
0
0
0.45
0
0
0
0
0
0
13.12
0
0
0
0
0
0
0
1.35
0
0
0
0
0
0
0
0
0.04
0
0
0
0
0
19.74
0
0.02
0
0
0
0
0.03
0
0
0
0
0
0.01
0
0
0
0
0
0
0
0
0
0.83
0
0
0
0
0
0
0
0.02
0
0
0
0
0
0
0
0
0
0
0
0.05
0
0
0
0
0
0
0
0
0
0
0.15
0
0.09
12.96
0
0
0
0
0.2
0
0
0
0
0
0
0
0
0
0
0
0
0
0
0
5.38
0
0.01
0
1
1.5
0
0
0
0
0
0
0
0
0.07
0
0.07
0
0
0
0
0
0
0.12
0
0
0
0
0
0
0
0
0
0
0
0
0
0.07
0
0
0.01
0
0
1.71
0
0
0
0.01
0
0
0
1.3
0
0
0
0
0
0.11
0
0.74
0
0.15
0
0
0
0
0.45
0
0
0
0.01
0
0.02
13.67
0.01
0
0
0
0
0.05
1.53
0
0
0
0.36
0
0
0
0.07
0
0
0.08
0
0
0
0
0
2.53
0
0.03
0
0
0
0
0
0
16.58
0
0
0
0.01
0
0
0
0
0
0
0
0
0
0
0
0
0
0
0
0
0
0
0
0
0
0.76
0
0
0
0
0
0
0
0
0
0
0
0
0
0
0
0.72
0
0
0
0
0
0
0
0
0
0.14
0
0.01
0
0
0
0
0
0
0
0
0
0
0
0
1.15
0
0
0
0
0
0.01
27.9
0
0
0.02
0
1.53
0.01
0
29.67
0
1.57
0.28
0
0
0.02
0
0
0
0
0
0
0
0
0
0
0
0
0.43
0
0
0
0.02
4.04
0
0
0.01
0
0
0
0
0
0
0
12.38
0
0
0
0.12
0.03
0.04
0
0
0
0
0.4
0
0
0
0.02
0
0
0
0
0
0.05
0
0
0
0
0
0
0
0
0
0
0
0
0
0
0
0
0.01
0
0.02
0
0.01
0
0
0.07
0
0
0
0
0
0
0
0
0
0
0
0
0
0
0
0
0
0
0
14.76
0.01
0
0
0
0
0
0
0
0
0
0
0
0
0
0
0
0
0.01
0
0
0
0
0
0
0
3.33
5.74
0
0
0
1.39
0
0
0
0
0
0
0.01
0
0
0
0.05
0
0
0
0
0.01
0
0
0
0
0
0
0.02
3.89
0
0
0
0.01
0
0.06
0
0
0.05
0
0.23
18.65
0
0
0.09
0
0
0
0.06
0.03
0
0
0
0
0
0
0.02
0
0.06
0.03
0.06
13.51
0
0
0.01
0.79
0.06
0
0
0
0
0
0
0
0
0.01
0
0
0
0.01
0
0.03
0
0.03
21.32
0
0
0.02
0.25
0
0.04
0
0
0
0
0
0
0
0
0
0
0
0
0
0
0
0
0
0
0
0
0
0
0
0
0
0.01
0.04
0
0
0
0
0
0.01
0
0.18
0
0
0
0
0
0
0
0
0
0
0.29
0
0
0
0
0
0
0
0
1.85
0
0
0
0
0
0
0
0
0
0
0
0.18
0
0
0
0
0
0
0
0
4.78
0
0
0
0
0
0
0
0.08
0
0
0
0.01
0
0
0
0
0
0
0.12
0
0
0.01
0
0
0
0
0
0
0
0
0
0
0
0
0.03
0
0.02
0.01
0.15
0
0
0
0
0
0
0
0
0
0
0
0
0
0
0
0.04
0
0
0
0
0
1.16
0.08
0
0
0
0
0
0
0.24
0.03
0
0
0
0
0
14.23
0
0
0
0
0
0
0
0.02
0
0
0
0
0
0
0
0
0
0
0
0
0
0
0
0
0
0.01
0
0
0
0
0
0
0
0
0
0
0
0.04
0
0.08
0
0
0
0
0.01
0
66.01
0
0
0
0.05
0
0
0
0
0.02
0
0
0
0
0
0
0
0
0
0
0.02
0
0
0
0
0
0
0
0
0
0
0
0.68
0.04
0
0
0
0
0
0
0
0
0
0
0
0
0.01
0
0
0
0
0
0
0
0
0.01
0
0.05
0
0
0
0
0
0
0
0.03
0
0
0
1.08
0
11.21
0
0
0
0.28
0
0
0
0
0
12.48
0
0
0
0
0
28.57
0
0.07
0
32.5
0.01
0
0
0
0
0.98
0
0
0
0
0
0.06
0
0.01
0
0
0
0
0
0.01
1.98
0
0
0
0
0
0
0
0
0
0.16
0
0.27
0.01
0.01
0
0
0
0
0
0
0.02
0.03
0
0
0
0
0
0
0
0.02
0
0
0
0
0
0
0
0.01
0
0
0
0.34
0
0
0
0
0.02
0
0
0
0
0.02
24.51
0
0
18.17
0
0
0.01
0.01
0
0
1.09
0
0
0
0.83
0.01
0
0
2.27
0
2.91
0
0
0
0
0
0
0
0
0
0.01
0
0.01
0
0
1.3
0
0
0.01
0
0
0
0
0
0
0
0.01
0
0
0
0
0.02
7.82
0.12
0
0
0
0
0
0
0
0
0
0.05
0
0.32
0
0
0
0
0
0
0
0
2.65
0
0
0
0
0
1.12
0
0
0
0
0
1.01
0
0
0
0
0
0
1.4
0
0.09
0
0
0
0
0
0
0
0
0
0
0
0
0
0
0
0
0
0.01
0
0
0
0
0
0
0
0
0
0
0
0
0
0
0.3
0
0.01
0
0
0
0
0
0
0
0
0
0
0
0
0
0
0
12.61
0
0
0
0
0
0
2.93
0
0
0
0
0
0
0
0.18
2.29
0
0
0
0
0
0
0
0.36
0
0
0
0.01
0
0
0
0.35
0
0.56
0.11
0
0
0.01
0.08
0
0.02
0
0.14
0
0
0
0
0
0.25
0.29
0
0
0.01
0.04
0
0
0
0
0
0
0
0
0
0
0.52
0
0
0
0
0
0
0
0
0
0
86.64
0
0.02
0.03
0
0.33
13.39
0.05
0.28
0
0
0
0
0
0
0.01
0
0
0
13.32
0
0
0
0
0.03
0
0
0
0.7
0
0.01
0
0
0.77
0
0
0
0
0
0.06
0
0
0
0.32
0
0
0
0
0
0.13
0
0
0
0.01
0
0
0.04
0
0.03
0
0
0
0
0
0
0
0
0
0
0
0
1.38
0
0
0
0
0
0
0
0
0
0
0.1
0
0
0
0
0.02
0
0.01
0
0
0
0
0
0
0
0
0.11
0
0.01
0
0
0
0
0
0
0
0
0.24
0
0
0
0
0
0
0
0
0
0
3.56
0
0
0
0
0
0
0.06
0
0.04
0
0
0
0
0
0
0
0
0
0
0
0
0
0.53
0
0
0
0
0
0
0.02
0
0
0
0
0
0.92
0
0
0
0
0
0.04
0
0.03
0
0
0
0.03
0
0
0
0.01
3.74
0
0
0
0
0.03
0.02
0
0
0
0
0
0
0
0
0
0
0
0
0
0
0.01
4.86
0
0
0
0
0
0
0
0.65
0
0
0
0
0
0
0
0
0.03
0.16
0
0.01
0
0
0
0
0
0
0
0
0
0.06
0
0
0
0.23
0
1.15
0
0
0
0
0.02
0
0
0.01
0
0
0
0.01
0.4
0
0
13.74
0
0.43
0.07
0
0
0
0
0.02
0
0
0
0
13.88
0.67
0.05
0.03
0
0
0
0.11
0
79.39
0.05
0
0
0
0
0.44
0
9.62
0
0
0
2
0
0
0
0
0
0
0
0
0
0
0
0
0
0
0
0
0.2
0
0
13.68
0
0
0
0
0
0
0
0
0
0
1.38
0.04
0
0
0
0
0
0
0
0.01
0
0
0
0
0
0
1.87
0
0
0
0
0
0.02
0
0
0
0
0
0.06
0
0
0
0
0
0.04
0
0
0.04
0
0.13
0
0
0
0
0.01
0
35.92
0
0.02
0
0
0
0
0
0
0.66
0
0
0
0
0
0
0
0
0
0
0
0
0.04
0
0
0
0.01
0
0
0
0
0
0
0
0
0
0
0
0.06
0
1.45
0
0
0
0
0
0
0
0.01
0
0
0
0
0
0
0
3.64
0
0.03
0
0
0
0
0.07
0
0
0.01
0
16.95
0
0
0
0
0
0.01
0
0
0
0
0
0
0
0.04
0
0
0
0
0.01
0
0
0
0.04
1.44
0
0
0
0
0
0
0
0
0
0
0
0
0.33
0
0
0
0
0
0.01
0
0
0
0.28
0
0
0
0
0
0
0
0.01
0
0
0
0
0.05
0
0
0
0
0.01
0
0
0
0
0
0
0
0
4.48
0.01
0
0
0
0
0
0
0.01
0
0
0
0
0
0
0
0
12.53
0
0
0
0
0
0
0
0.06
1.31
0
0
0.02
0
0
0
0
0
0
0.03
0
0
0
0
0
0
0
0
0
0
0
58.5
1
0.01
0
0
0
0.11
0
0
0
0.01
0
0
0
0
0
0
0
0
0
0
0
0.02
0
0
0
0
0
0
0
0
0
0
0
0
0
0
0
0
0
0
0.01
0
0
0
0.1
0
0
0
0
0
0
0
0
0
0
0
0
0
0
0
0
0.01
0
0
0
0
12.99
0
0.01
0
0
0
0
0
0
0
0
0
0
0.01
0
0
0
0.01
0
0
0.02
0.01
0
0
0
4.43
0.01
0
0
0
0
0
1.03
0
0
0
0
0
0.1
0
0
1.23
0.92
0
0
0
0
0
0.01
0
0
0.01
0
0.41
0
0
0
0
0
0
23.25
0
0
0
0
0
0
0
0
0
0
0.01
6.35
0
0
0
0
0
0.08
0
0
0
0
0
0.01
0
0
0
0
0
0
0
0
0
0
0
0
0
3.37
0
0
0
0
0.92
0
0
0
0
0
0
1.24
0
0.06
0
0
0
0
0
0
0
0.85
1.34
0
0
0.06
0
0
0
0
0
0.01
0
0
0.16
0
0.96
0
0
0
0
0
0
0
0
0
0
0
0
0
0.01
0
0
0
0
0
0
0.14
0
0
0
0
0
0.1
0
0
0
2.38
0.16
0
0
0
0.01
0
0
0
0.01
0
0
0
0
0
0
0
0
0
0.01
0
0
0
0
0.04
0
0
0
0.01
0.01
0
0
0
0.06
0
0.04
12.77
0.35
0
0
0
0.01
0
0
0
0
0
0
0
0.43
0
0.71
0
0
0
0
0.02
0
0
0.01
3.35
0
0
0
0
0.01
0
0.01
0
0.01
0
0
1.05
0
0
0.03
0
0
0
0
0
0
0
0
2.39
0
0
0
0
0
0
0
0
0
0.01
1.03
0
0
0
0
0
0
0.01
0
0
0.25
0.01
0
0
0
0
0
0.1
0
0
0
0
3.31
0
0
0.01
0
0
7.75
0
0
0
0
0
0
1.54
0
0
0
0
0
0
0
0
0
0
0
0
0.02
0
0
0
0
0
0
0
0
0
0
0
0
0
0
0
0
0
0
0
0.01
30.81
0.01
0.01
0
0
0
0
0
0
0
0
0.22
0
0
0
0
0.01
0
0
0
0
0
0
0.11
0
0
0.25
0
4.09
0
0.01
0
0
0
0.1
0.36
0
0
0.01
0
0
0
69.06
0
0
0
0
0
0
0
0
0.01
0
6.6
0
0
0
0
0
0.17
0
0
0.01
0
0.36
0.02
0
0
0.46
0
0
0
0
0
0.01
0
0
0
0
0
0
0
0
0
0.02
0
0
0
0
0.64
0
0.05
13.13
0
0.04
0
0
0.07
0
0
0
0
0
0.02
0
0
7.77
0
0
0
0
0
0
0
12.98
0.01
1.36
0
0
0
0
0
0
8.01
0
0
0.78
0
0
0
0
0
0
0
0
0
0
0
0
0
0
0
0
0.09
0
0
0
0
2.53
5.11
0
0
0
0.03
0
0
0
0
0
0
0
0
0
0
0
0
0
0
0.37
0
0
0
0
0
0
0
0
0
0
0.02
0
0
0
0
0.48
0
0.34
0
0.03
0
0
0
0
0
0
0
0.11
0
0
0
0
0
0.34
0.44
0
0.01
0
0
0
0
0
0
0
0
2.05
0
0
0
0
0
0
0
0.01
0
0
0
0
0
0
0
0.16
0.01
0
0
0
15.25
0
0
0.01
0
0
0.8
0.01
0
0
0
0
0
0
0
0
0
0
0
0
0
0
4.46
0
0
0
0
0.45
0
0.01
0.02
0
0
0
0
0
0.82
0
0
0
0
0
0
0
0
0
0
0.23
0
0.47
0
13.59
0
0.06
0
0
0
0
0
0
0
0
0.05
0
0
0
0
0.01
0
2.05
0
0.2
0.94
0
0
0
0
0
0
0
0
0.31
0
0
0
0
0.56
0
0
0
0
0
0
0
0
0
0
0
19.46
0
0
0
0
0
0.02
0
0
0
0
0
0
0
0
0.01
0
0
0
0
0
0
0
0
0
0
35.66
0
0
0.02
0.01
0
0
0
0
0.02
0
0
0
0
0
0
0
0.61
0
0
0
0
0.34
0
0
0
0
0.22
0
0
0.07
0
0
0
0
0
0
0.01
0
0
0
0
0
8.52
0
0
0
0
0.01
0
0
0
0
0
0
0
0
0
0
0
0
0
0
0
0.03
0
0
0
0
0
0
0
0
0
0
0
0
0
62.82
0
0
1.02
0.13
0
0.04
0
0
0
0
0
0
0.18
0
0
0
0
0
0
0
0
0
1.2
0
0
0
0
0
0.02
0
0.01
0
0
0
0.02
0
0
0
0
0
0
0
0
0
0.2
0
0.03
0
0
12.06
0
0.02
0
7.74
0
0
0
0.93
0
0
0
7.78
0.01
0
0
0
0
0
0
0
0.01
0
0
0
0
0
0
0
0
0
0
0.01
0
0.02
0
0
0
0
0
0.01
0
0
0.04
0
0
0
0
0
0
0.01
0.37
0
0
0
1.08
0.01
0
0
0
0
0.38
4.37
0
0
0.04
0
0
0
0
0
0.02
0
0.03
0.02
0
0.01
0
0
0
0
12.94
0.06
0
0
0
0
0
0
0
0
0
0
0
0
0
0
0.09
0.06
0.06
2.08
0.02
0
0.11
0
0
0
0
0
0
0
0.01
0
0
0
0
0.05
0
0
0
0.01
0
0
0.02
0
0.02
0.22
0
0
0
0
0.21
0
0.12
0
0
0.18
0
0
0
0
0
0
0
0
0
0
0
0.06
0
0
0
16.86
0
10.94
0
0
9.7
0
0
0
0
0
0
0
0
0
0.33
0
0
0
0
0
0
0
0
0
0.01
0
0
0
0.02
0
0
0
0
0.24
0
0
0
0
0
0
0
0
0
0
0
0
0.01
1.4
0
0
0
0
0
7.61
0
0
0
0
0
0
0
0.01
0
0
0.07
0.74
0
0
0
0
0
0
0
0.01
0
0
0
0
0
0
0
0
0
0
0
0
0
0
0
0
0
0
0
0
0
0
0
0
0
0
0
0
0
0
0.02
0
0
0
0
0
0
0
0
0
0
0.01
0
0
0
0
0
0
0
0
0
0
0
0
0
0
0
0
0
0
0
0
0.01
0
0
0
0
0
0
0
0
0
0
0
0
0.01
0.01
0
0
0
0
0
0.01
0.07
0.01
0
0
0
0
0
0
0
0
0
0
0
0
0
0
0
0
0
0
0
0.19
0
0
0
0
0
0
0
0.01
0.94
0
0
0
0
0
0
0
0
0
23.96
0
0.01
0
0
0
0
0
0
0
12.99
1.37
0.01
0
0
0
0
0
0
0
0
0
0
0
0
0
0
0.04
0
14.59
0
0
0
0
0
0
0
1.78
0
0
0
0
0
0
0.01
0
0
0
0
0
0.18
0
0
0
0
0
0
0
0
0.07
0
3.12
0
0.52
0
0
0
0
390.87
0
0
0.18
0
0
0
0.02
0
0
0.05
1.1
6.04
0
0
0
0
0
0
0
0
0
0.01
0
0
0.01
0
0
0
0
0.01
0
0
0
0
0
0
0.02
0.03
0
0
0
0
0
0.02
0
0.01
0
0
0
0
0
0
0
0.01
0
0
0
0
0
0
0
0
0
0
0
0
13.02
0
0
0.01
0
0
0
0
0
0
0
0
0
0
0
0
0
0.01
0
0.08
0
0
0
0
0
0
0.02
0.02
0
0
0.03
0
0
0
0
0
0
0
0
0.01
0
0.08
0
0
0.58
0
0
0.01
0
0.63
0
0
0
0
0
1.82
0
0
0
0.28
0
0
0
0
0.01
0
0
0
0
0
0
0
0
84.23
0
0
1.53
0
0
0
0.01
7.84
0
0
0.01
0
0
1.03
0
0
0
0
0
0
0
0
0
0
0
0
0
0
0
0.04
0
0.27
0
0
0
0.01
0
0
0
0
0
0
0
0
0
0
0
0
0
0
0
0
0
0.01
0
0
0
0
0
0
0
0
1.7
0
0
0
0
0
0
0
0.2
0
0
0
0
0
0
0
0
0
0
0
0
0
0.01
0
0
0
0
0
0
0
0
0
0.02
0
0
0
0
28.12
0
0
0
0.04
0
0.01
0
0
0
0
0
0
0.22
0
0
0
0
0
0
0
0.12
0
0
0
0
0.01
0
0
0
0
0
0
0
0
1.1
0.09
0
0
0
0
0
0
0
0
0
0
0
0
0
0.01
0.01
0.06
0
0
0
0
0.04
0
0
0
0
0
0
0
0
0
0
13.38
0
0
8.16
0.19
0
0
0
0
0
0
0
0
0
0
0
0.04
0
0
0
0
0.63
0
0
0
0
0
0
0
0
0
0
0
0
0
0
0.01
0
0
0
0
0
0
0
0
13.43
0
0
0
8.87
0.33
0
0
0
0.08
0
0
0
0
0
0.09
0
0
0.01
0.01
0
0
0
0.01
0
0
0
0
0
0
0
0
0.03
0
0
0
0
0
0
0
0
0
0
0.79
0
0
0
0.01
0
0
0
0
0
0.2
0
0
0
0
12.74
12.72
0.01
0
0.04
0
0
0
0
0
0
0.03
0
0
0
0.3
0
0
0
0.04
0
0
0
0
0
0
0
0
0
0
0
0
0
0
0
0
0
0
0
0.02
0
0
0
0.01
0.03
0
0
0
4.06
0
0
0
0
0
0
0
0
0
0
0
0
0
0
0.01
0
0
0
0
0
12.6
0
0
0.01
0
0
0
0
0.04
0
0
0
0
12.83
0
0.04
0
0
0
0
0
0
1.32
0
0
0
0
0.81
0
0
0
0
0.02
0.05
0
0
12.94
0
0.15
0
0.01
0
0
0
0
0
0
0
0
0.01
0
0
0
0.01
0
0
0
0
0.02
0.01
0
0
1.68
0
0
0
0
0.01
0.04
0
0
0
0
0
0
0
0.02
0.03
0
0
0.04
0
0.11
0
0.03
3.89
0.01
0.05
0
0
0
0
0
0
0
0
0
0
0
0
0.05
0
0.54
0
0
0
0
57.77
0
0.04
0.14
0
0
0
0
0
0
2.02
0
0
1.33
0.02
0
0.01
0
0.15
0
0
0
0
0
0
0
0.65
0
0
0
0.01
0
14.24
0
0
0.01
0.02
0
0
0
0
0
0
0
0
0
3.12
0
0
0.02
0
0
0
0
0
0
0
0
0
0
0
0
0
0
0.02
0.01
0
0
1.03
0
0
2.36
0.01
0
0
0
0
0
0
0
0
0
0
0
0
0.06
0
0
0.01
0
0
0
0
0
6.05
0
0
0
0.08
0.19
0
0
0
0
0
0
0
0
0
0
0
0
0.05
0
0
0
0.13
0
0
0
0
0
0
0
0
0
0
0
0
0
0
0
0
0
0.72
0.08
0
11.9
0
0.02
0
0
0
0
0.55
0
0
0
0
0.02
0
0.14
0
0
0.01
0
13.45
0.01
0
0
0
0
0
0.01
0
0
0
0
13.71
0
0.02
0
0
0
0
0
0.22
0
0
0
0
0
0
0.04
0
0.01
0
0
0
0.01
0
13.94
0
0
0.01
0
2.46
0
0.04
0
0
0
0
0.04
2.8
0
1.68
0
0
0
0
0
0
0
0
0
0
0
0
0.01
0.17
0
0
0
0
0.01
0
0.02
0
0
134.36
0.05
0
0
0
2.77
0
7.89
1.86
0
0
0.03
0
0
4.25
0
0
0.01
0
0
0
0
6.9
0
0
0
0
0
0
0
0
13.85
0.07
0
0.04
0
0.01
0
0
1.1
0
0
0
0
0
0
0
0
0
0
0.02
0
0
0
0
0
0.18
0
0
0.01
0
0.06
0
0
0
0
0
0
0
0
0
0
0
0
0
0
0
0
0
0
0
0
0
0
0
0
0
0
0
0
0
0
0.01
0
0.02
130.53
0
0.04
0
7.94
0
0
0
0
0
0
0
0
0.01
0.04
0
0
0
0
0
0.03
0.02
0.19
0
0.24
0
0
32.34
0
0
0
2.78
0
0
0
8.31
0.12
0
0
0
0
0.01
0
0.03
0
0
0
3.68
0
0
0.02
0
0
0
0
0
4.42
0
0
0
0
0
0
0
0
0
0
0.01
0
0
0
0
0
0
0
0
0
0
0
0
0.01
1.59
0
0.33
0.04
0
18.98
0
0.02
0
0
0
0
0
0
0
0
0
0
0
0
0
0
0.08
0
0
0
0.05
0
2.84
0
0
0
0
0
0.01
0
0
6.03
0
0
0
0.28
0
0
0
0
0
5.06
0.01
0
0.03
0
0
0
0
0
0
0
0
0
0
0
0
0
0
0
0
0
0
0
0
0.05
0.01
0
0
1.33
0
0
0.03
0
0
0
0
0
0
0
0
0
0
0
0
0
0
0.03
0.57
0.06
12.22
0
0
0
0.03
1.39
0
0.81
0
0
0
0.48
0
0.01
0
0.03
0
0
0
7.45
0
0
0
0.02
0
0
0
7.5
0
0
0
0.01
0
0
0
0
0
0
0
0
0.01
0
0
0
0
0
0.02
11.39
0.01
0
0
0
1.52
0
0
0
2.21
0
0
0.02
0
0.05
0.77
14.76
0
0
0
0
0
0.01
0
0.01
0
0
0
0
37.63
0
0.01
0
0.01
0
0
0
0
0
0
0
0
0
0.18
0
0
0
0
0
0
0
13.5
0
0
0
0
0
0.06
0
0.13
0.01
0
0
0
0
0
0.03
0.16
0
0
0
0
0
0
0
0
0
0.11
0
0
0
0.02
0
0.44
0
0
0.58
0
0
0
0.05
0
0
0
0
0
0
0
13.07
0
0
0
0
0
1.17
0
0
0.07
0
0
0
0
0.13
0
0
0.01
1.01
0
0
1.43
0
0
0
0
0
0.83
0
0
0
0
0
0
0
0
0
0
0
0
0.03
0
0
0
0
0.01
0
0
1.81
0
0
0
0
0
0
0
0
0
0
0
0
0
0
0
0
0
0
0
0
0
0.01
0
0
0
0
0
0
0
2.69
0
0.02
0
0.05
0
0
0
0
0
0
0
0
0.4
0
0
0
0
0
0
0
0
0
0
0
0.03
0.05
0.02
0
0.01
0
0
0
0
0
0
0
0
0
0
0
0
0.03
0
0
0.01
0
0
0
0
0.05
0
4.68
0
0
0
0
0
0
0
0
0
0
0
0
0
0.01
0
0
0.01
0
0
0
0
0
0
23.3
0
0
0
0
0
0
1.03
0
0
0
0
0
0
0
0.15
0
0.02
0
0
0
0
0
0
0
0
0
2.45
0
0
0
0
0
22.72
0
0
0
0
0
0
0
0
0.15
0
0
0
0
0
0
0
0
0
0.04
0
0
0
0
0
3.36
0
0
0
13.25
0
0
0.16
0
0
0
0
0.1
0
0
0
0
0
0
0.66
0
0
3.41
0.02
0
0.04
0
0
0
0
0
0.01
0
0
0
0
0
0
0
0
0
0
0.1
0
0
0.01
0
0
0
0
0
0
0
0
0
0.03
0
0
0
0
0
0
0
0
0
0
1.3
0
0
0
0
0
0
0
0.04
0
0
0
0
0
0
0
0.33
2.11
0
0
0
0
0.01
0
0
0
0
0
0
0
0
0
0
0
0
0.18
0.23
0
0
0
0
0
0
0
0.01
0
0
0
0
0
0
0
8.63
0
0
0.09
1.68
0
0
0
0
0
0.44
0.01
0
0
0
0
0
0
0
0
0
0
0
0
0
0
0
0
0
0
0
0
7.86
0
0
0
0
0
0.2
0
0
0
0
0
0
0
0
0
0
0
0
0
0
0
6.77
0
0
0
0
0
0.02
0.02
0
0.49
0
0
0
2.86
0
0.01
0
8.91
0
0
0.48
0
0
0
0
0
0
0
0
0
0
0
0
0
0
0.05
0.34
0
0.34
0
0
0
0
18.68
0
0
0
0
0
0
0
0
0
0
0
0.27
0
0
0
0
0
0
0
0
1.28
0
0
0
0
0
0.29
0
0
0
0
0
0
0
0.01
0
0
0
0
0
0
0
0.01
0
0
0
0
0
0
0
0
0.01
0
0
0
0
0
0
0
0.03
0
0
0
0
0
0
0
0.04
0.01
0.02
0
0
0
0
0
0
0
0
0
0
0.4
0
13.11
0
0
0
0
0.04
0.08
0
0
0
0
0
0
0
0
0
0
0
0
13.69
5.39
11.23
0.01
0
0
0
0
0
0
0
0.02
9
0.01
0
0
0
0
4.19
0
0
0
0
0
0
0
0
0.04
0
0
0.01
0
0
0.01
0
0
0
0.01
0
0
0
7.99
0
0
0
0
0
0
0
0
0
0
0
0
0
0
0
0
0
0
0
0
0.01
0
0
0
0
0
0.01
0
0
0
0
0
0.81
0
0
0
0
0
0.03
0
0
0
0
0
0
1.44
0
0
0
0
0
0
14.2
0
0
0.02
0
0
0
0
0
0
0
0
0.05
0.02
0
0
8.38
0
0
0
0
0
0
0
0
0
0
0
0
0
0
12.86
0
0
0
0.01
0
0
0.16
0.01
0
0
0
1.82
0.01
0
23.53
0.07
0
0
0
0
0.07
0
0
0
0
0
0
0.01
0
0
0
0
0
0
0
0
1.41
0.03
0
0
0
0
0
0.03
0
0
0
1.03
0
0
0
0
0
0
0
0.01
0.01
0
0
0
0
0
0.01
0
0
0
0.02
0
0.53
0
0
0
0
0
0
0
0
0
0
0
0.02
0.1
0
0
0
0.01
0
0
0
0
0.01
0
0
0.74
0
0
0
0
0
0
0
0
0
0
0
0.01
0
0
0
0
0
0
0
1.42
0
0
0.01
0
0.01
0
0
0
0.01
22.47
0
0
0
0.07
0
0
0
0
0.01
0
0
0
0
0
0
0
0
0.06
0
0
0
0
0
0
0
0.01
0
0
0
0
0
0
0
0.01
0
0
0
0
0
0
0
0
0
0
0
0
0
0
0
12.35
0
0
0
0
0
8.85
0
0
0
0
0
0
1.81
0.51
0.07
0
0
0.01
0
0
0.12
0
2.85
0
0
0
0.59
8.56
0
0
0
0
0.72
0
0
0
0.01
0
0
0
0
0
12.88
0
0
0.02
0
0
0.11
0
0
0
4.99
1.2
0
0
0
0
0
0
0
0
0
0
0
0
0
0.2
0.03
0
0
0
0
0
0
0
0
0
0
0
0
0
0
0
0
0.03
0.01
0
0
0
0
0
0
0.01
0
0
7.85
0.03
0.24
0
0
3.15
2.03
0
0
0
0
0
0
0
0
0
0
5.63
0
0
0.01
1.52
7.94
13.33
0
0
0
0
0
0
0
0
0
0
0
0
0
0
0
0
0
0
0
0
0
0
0.13
0.02
0
0
0
0
0
0
0
0
0
0
0.07
0
0
0
0.28
0.02
0
0
0.01
0
13.08
0
0
0
0
0
0
0
0
0.02
0
0.13
0.02
0
0
0
0
0
0
0
0
0
0
0
0
0
0
0
0
0
0
0
0.05
0
0
0
0
0
0
0
0
0.05
0
0
0.14
0.01
0
0.08
0
0
0
0
0
31.76
0.04
0
0
0
0.03
0
0
0
0
0
0
0
0
0
0
0
0
0
0
0.08
0.01
0
0
0
0
0
0.02
0
0
0.02
0
0
0
0
0
0
1.13
0
0
0
0
0
0
0
0
0
0
0
0
0
0
0
0
0.01
0
0
0
0
0
0
0
0
0.06
0
0
0
12.87
0.03
0
0
0
0
0
0
0
0
0
0
0
0.12
1.73
0
0
0.01
0
0
0
0.01
0
0
0
0
0
9.8
0
1.68
0
0.13
0
0
0
0
0
0
0
0
0
0.03
0
0
0
0.03
0
0
0.01
0
0
0
0
0
0
0
0
0.03
0
0
0
0
0
0.03
0
0
0
0
0
0
0
0
0
0
0
0
0
0
0
0
0
0
1.01
0
0.03
3.25
0
0
0
0
0.31
3.51
0
0.01
13.22
0.01
0
0.03
0
0
0
0
0
0
0
0
0
13.17
0.01
0
0
0
0
0
0
0
0
0.01
4.54
0
0.01
0
0
0
0
0
0
0.03
0
0
0.03
0
0
0
0
0
0
0
0
0.01
0
0
0
0
0
0
0
0
0
0.3
0.01
0
1.24
0.19
0
0
0
0
0
0
0
0
0
0.05
0
25.24
0.03
0.04
0
0
0
0
0
0.14
0
0
0
0
0
0
0
0
0
0
0
0
0.3
0
0
0.21
1.38
0
0
0
0.04
0
0
0
0.01
0
0
0
0.03
0
0
0
0
0
0
0
0
0
0.01
0
0.12
0.83
0
0.01
0.05
0
0
0
0
0
0
0
0
0
0
0
0
0
0
0
1.87
0
0
0
0
0
1.75
0
0
0
0
13.49
0
0
0
1.85
0
2.22
0
0
0
0
0.65
0.08
0
0.14
0
0.24
0
0.03
0
0
0
0
0
0
0.01
0
0
0
0
0
0
0
0
0
0
0
0
0.22
0
2.69
0
0
0
0
0
0.57
0
0
0
0
0
0
0
0.01
0
0
0.01
0
0.01
0
0
0
0
0
0
0
0
0
0.02
0
0
0
0
0
0
0
0
0
0
0
0
0
45.35
0.01
0
0
0
0
0
0
0
0
0
0
0
0
0
1.17
0
0
0
0.01
0
0.13
0
0
0
0
0.07
0
0.01
0
0
0
0
0
0
0.02
0
0
0
0
0
0.01
0.02
0
0
0
0.09
0
0.01
0
0
0
13.92
0
0
15.66
0
0.43
0
3.95
0
0
0
0
0
0
0
0
0
0
0
0.03
0
0
0.08
0
0
0
0
0
0.01
0
0
0
0.01
0
0
0
0.02
0
0.06
0
0
0
0
0
0
0
0
0
0
0
0.48
0
0.07
0
0
0
0
0
0.02
0
0
0
0
0
0
0
13.37
0
0.01
0
0
0
0
0
0
0
0
0.05
0
0.03
0
0
0.03
0
0
0
0
0.03
0
0.01
0
0
0
0
0
0
0
0
0
0
0
0.03
0
0
0
0.06
0
0.01
0
10.66
0
0.01
0
0
0
0
0
0
0
0
0.05
0
0
0
0
1.18
0
0
83.93
0.06
0
0
0
10.59
0
0
0
0.03
0
5.55
0.01
8.34
0
0
0
0
0
0
0
0
0
0
0
0
0.05
0
1.69
0
0.02
0
0
0
0
0.01
0
0
0
0.43
0
0
0
0
0
0
0.01
0
0
0
0
0
0
0
0.01
0
0
0
0
0
0.78
0.08
0.07
0
0
0
0
0
0.63
0
0
0
0
0
0
0
0
0.02
0
0
0
2.15
0
0.04
0
0
0.04
0.04
0
0
0.18
0
0
0
0
0
0
12.53
1.31
0
0
0
0
0
0
0
0
0
0
0
0
0
0
0.01
0
0
0
0
0
0
0.01
0
0.01
11.4
0.01
0.02
0.02
0
0
0
0
0.07
0
0
12.69
0.03
0
0
0
0
0
0
0
1.27
0.27
0.01
0
0.01
0
0
0
0
0.03
0
0
0
0
1.27
0
0
0.14
0
0
0
0
0
0
0
0
0
0
0
0.26
0
0
0
0
0
0
12.72
0
0.18
0
0
0
0
0
0
0.01
0
0.19
0
0
0
0
0
0
0
0.04
0
0.01
0
0
0
0
0
0.05
0
0
0
0
0
0
1.04
0.01
0
0
0
0
0
0
0
0
0
7.69
0.78
0
0
0
0
1.26
0
0
0
0
0
0
0
66.32
0
0
1.61
0.01
0.62
0
0
0.15
0
0
0
0
0
0
0
0
0
0
0
0
0
0
0
0
0
0
0.01
0.11
0
0
0
0
0
0
0
0
0
0
0.03
12.8
0
0
0
0
0
0
0
0
0
0
0
0
0
0.01
0
0.17
0
0
0
0
0
0
0
0
0.05
0
0
0
0
0
0
0
0.49
0
0.02
0
0.01
0
0
0
0
0
0
0
0
0.01
0
0
0
0
0
0
0
0
0
0
0
0
0.01
0
0
0
0
0
0.11
0
1.3
0
0
0
0
0
0
0
0
0
0
0
0.18
0
0
0
0
0
0.09
0
0
0
0.03
0
0
0
0.01
0.02
0
0
0
0
0
0
0.32
0
0
0
0
0
0
0
0
0
0
0.01
0.06
0
0
0
0.03
0.15
0.86
0.06
0
0
0.04
0
0
0
0.02
0
0
0
0.11
0
0
0
0
0
0
0.04
0
0
0
0
0
0
0
0
0
0
0
0
0.01
0
0
0
0
0
0
0
0
0
0
0
0
0
0.01
0.02
0
0
0
0.01
0
0.04
0
0
0
0
0
0
0.02
0
0
0.06
0
7.54
0
6.11
1.11
0
0
0
0
0
0
0
0.91
0
0
0
0
0
0.01
0
0
0.01
0
0
0
0
0
0
0
0
0.01
0
0
0
0.01
12.99
0
12.89
0
0.02
0
0
0
0
0
0
0
0
0
0
0.03
0
0
0.5
0.02
0
0
0
0
0
0
0
0
0
0
0
0
0
0
0.01
0
0
0.01
0
0
0.01
0
0
0
0
0
0
0
0
0
0
0
0.04
0
0
0.02
0
0
0.02
0
0.11
0
0
0
0
0
0
0
9.1
0
0
0
0
0
0.01
0
0
0
0
0
0
0
2.04
0
0
0
0
0
0
0
35.02
0
0
0
0.01
0
0
0.4
0
0
0
0.13
0
0
0
0
0
0
0
0.15
0
0
0.06
0
0
0
0
0.01
0
0
0.14
0
0
0.02
0
13.08
0.01
0
0
0.01
0
0
0
0
0
0
0
0.01
0
56.05
0
19.58
0
0
0
0
0
0
0
0.01
0
0.06
0
0.14
0.01
0
0
0
0
0
22.32
0
0
0
0
0
0
0
0
0
0
6.27
0
0
0.01
0
0
0
0
0
0
0
0
0
0
1.44
0.01
0
3.07
0
0
0
0
15.83
0
0
0
0.01
0
0
0.06
0.01
0
0
0
0
0
0
0.01
0
0
0
0
0
4.37
0
0
0
0
0
2.32
0.07
0.46
0
0
0
0
0
1.46
0.14
0
0
0.5
1.25
0
0
0
0
0
0
0.06
0
13.34
0
0
0
0
0
0
0
0
0.03
0
0.02
0
0
0
0
0
0
0
0
0
0.01
0
0
0
0
0
0
0.03
0
0
0
0
0.41
0.56
0
0
0
0
0
0
0
0
0
0
0
0.21
0
0
1.42
0
0
0
0
0
0
0
0
0.13
0
0
0
0
0
0.01
0
0.78
2.78
2.51
0.04
0
0.22
0
0.04
0
1.46
0
0
0
0
0
0
0.57
0
0
0.01
18.02
0
0
0
0
0.04
0
0
0.05
7.89
0.02
0
0
0
0
0.23
0
0
0.03
0
0
0
0
0.2
0
0
0
0
0
0
0
0
0
0
0.01
0
0
0
0
0
0
0
0
0
0
0.01
0
0
0
0
0
0
0
0
1.8
2.72
0
0
0
0
0
0
0
0
0
0.17
0
0
0
0
0
0
0
0
0
0
0
0
0
0.01
0
0
0
0
0.11
0
0
0
0
0
0
0
0.03
0
0
0
0
0
0
0
1.43
0
0
0
0
0
0
0.01
0.03
0
0.06
0
0
0
0
0
0
0
0
0
0
0.01
0
0
0
0
0
0
0
0
0.26
0
0
0
0.11
0
0.19
0
0
0
0
0
0
0
0
0.07
0
0.05
0
0
0
0
0
0
0
0
0
0
0
0
0
0
0
0
0
0
0
0
0.78
0.06
0
0.13
0.41
0
0
0.02
0
0
0
0
0
0
0
25.25
0
0
0.01
0
0
0.48
0
0
0.07
0
0
0
0
0
0
0
0.01
0
0
0
0
0
0
0
0
0
0
0
0
0
0.09
0
0
0
0
0.16
0
0
0
0
0
0
0.01
0
0
0
0.96
0
0.01
0
0
0
0
0
1.66
0
0
0
0
0.54
0
0
0.01
0
0
0
0.02
0
0
0.37
0
0
8.94
0.09
0
0
0
0.01
0
0
0
0
0
0
4.92
0.02
0
0
0
0
0
1.43
9.27
0.13
0.04
0
0
0
0
0
0
0
0
0
0.02
0
0.08
0
1.37
0
0
0.05
3.09
0
0
0
0
0
0.04
0
0
0
0
0
0
0
0.01
0.02
0
0
0.01
0
0
35.43
0
0.01
0
0
0
0.01
0
0
0
0
0
0
0.13
0
0
0.01
0
0
0
0
0
0
0
0
0
0
0
0
0
0
0.05
0
0
0
0.17
0
0.01
0
0
0.23
0
0
0
0
0
0
0
0.01
0.16
0.18
0
0
0
0.12
0
0.02
0
0
0
0
0.01
0
0
0
0.01
0
0
0.05
0
0
0
0
0
0
0.15
0
2.18
0
0.25
0
0
0
0
0
0
0
0
0
0
0
0
0
0.03
0
0
0
0
0.02
0
0
0
0
0.03
0.04
0.56
0
0
0
8.21
0
0
0.63
0
0
0
0
0
0.37
3.25
0.77
0
0
0
0
0
0
0
0
0
1.26
0.54
0
1.11
0
8.01
0
0
0
0
0
0.01
0
0
0
0
0
0
0
0
0
0
0
0.27
0
0
0
0
0
0
0
0.01
0
0
0.01
0
0
0
0
0
0
0.03
0
0
0
0
0
0.01
0
0
4.12
0
0
0
0
0
0
0
0
0
0
0
0.36
0
0
0
0.02
0.01
0
0
0
0
0
0
0
0
13.06
0.05
0
0
0
0
0
0
0
0
0
0
0
0
0
0
12.85
0
0
0
0
0
0
0.01
1.2
1.51
0.01
0
8.13
0
0.03
0
0
0
0
0.01
0
0
0
0
0
0
0
0.02
0
0
0
0
0
0.06
0.01
0
0
0
0
0
0
0.04
0
10.08
0.03
0
0.06
0
0
4.51
0
0
0
0
0
0
0
0.02
0
0
0
0
0
0
0
0
0
0
0
0
1.16
0.27
0
0
0
0.01
0.03
0
0
0
0
0
0.01
0.02
0.02
0
0
0
0
0
0
0
0.01
0
0
0
0
0
0
0
0
0
0
0
0
0
0.12
0
0.05
0
0
0
1.12
0
0.13
0
0
0
0
0
0.04
0
0.96
2.16
0
0
0
0
0
0
0
0
0
0
0
0.03
0
0.43
0
0
0
0
0
0
0
0
0
0
0
0
0
0
0
0.01
0
0
0.01
0
0
0
0
0.15
0
0
0
0
0
0
0
3.59
0.05
0
0
0
0
0
0
0
0.01
0
0
0
0
0
0
0.01
0
0
1.72
0
0
0
0.02
0
0.02
0
0
0
0
0
0.02
0.02
0
0
0
7.64
0
0
0
0
0
0
0
0.01
0
21.23
0
0
0
1.84
0.01
0
0
0
0
0
0
0
0
0
0
0
14.06
0
0.01
0
0
0
0
0
0.01
0
0.41
0
0
0.01
0
0.05
0
0
0
0
0
0
0
0
0
0
0
0
0
0
0
0
0
0
0
0.41
0
0
0.2
0
0
0
0
0
0
0
0
0
0
0.01
0
0
0
0
0
0
0
0
0
0
0
0
0
0
1.25
0
0
0
0
0.3
0
0
0
0
0.02
0
0.03
0
0
0
0
0.01
0
0
0
0
8.65
0
0
0
0
0
12.96
0
0.01
0
0
0
7.9
0
0.02
0
0
0
0
0
0
0
0
0
0.01
0
0.03
0
0
0
0
0.01
0
0
0
0
0
0
3.41
0
0
0.01
0
0
0
0
0.01
0
0
0.01
0
0
0
0
0
0
0
0
0
0.02
0
0
0
0
0
0
0
0
0
0.01
0.01
0
0
8.3
0
0.01
0
0.01
0
0
0
0
0
0
0
0.01
0
0
0
0.01
0
0
0
0
0
0
0.01
0
0
0
0.46
0
0.05
0
0
0
0
0
0
0.01
1.89
0
0
0
0
0.04
0
0
0
0
0
0
0
0
0.27
0
0.02
0.08
0
0
0
0
0
0
0.01
0
0.06
0
0
0
0
0
0
0.01
0
0
0
0
0
0
0
0
0
0
0
0
0
0
0
0
0
0
0
0
0
0
0
0
0
0
0
0
0
0
0.01
0
0
0
0
19.63
0
0
0.01
0
0
0.8
0
0
0
0.01
0.01
0
0
0.01
0
0
0
0
0
0
0
0
0
0
0
0
0
13.49
0
0.01
0
0
0.01
0
0
0
0
0
0
0
0.01
0
0
0
0
0
0.05
0.05
0
0
0
0
0.09
0
0
0.01
0
0
0
0
0.03
0.02
0
0
0
0
0
0
0
0
0
0
0
0.02
0
0
0.02
0.11
0
0
0
0
0.02
0
0
0
0
0
0
0.01
0
12.4
0.02
0
36.23
0
0
0.01
0
0.89
0
0
0
0
0.03
0
0
0.18
0
0
0.21
0
0
12.66
0
0
9.4
0
0
0
0
0
0
0
0.03
0.01
0
0.55
0
0
0
0
0.05
0
19.59
0
0
0
0
0
0
0
0
12.7
0
0
0.03
0.02
0
0
0
0
0
0.16
0
0.16
0
0
0.01
0.01
0
0
0
0
0
0
0.83
0
0.05
0
0
0
0
0
0
0
0
0.01
0
0
0.01
0.03
0
0
0
0
0
0
0.02
0
0
0
0
0
0
0
0
0
0.69
0
0.03
0
0
15.64
0
0
0
0
0
12.94
0
1.72
0
0
0
0.12
0
12.66
0
0
0.02
0
0.02
0
0
0
0
0.03
0
0.3
0.46
0
0
0
0
0
0
1.05
0
0
0
0
0
0
0.01
0
0
0
0
0
0
0
0
0
0
0
0
0
0
0
0
0
0
0.11
0
0
0
0
0
0
0
0
0
0.02
0
0
0
0
0
0
0
0.02
0
0
0
0.15
0
0.04
0
0
0
0
0.01
0
0
0.1
0
0
0
0
0
0
0.05
0
1.68
0.01
0
0
0
0
0
0
0
0
0
0.03
0
0
0
4.34
0
0
0
0
0
0.01
0
0
0
0
0
0
0
0
0
0
0.02
0
0
0
0
0
0
0.04
0
0
0
0
0
0
0
0
0
13.65
2.42
0
0.1
0
0.05
0
0.04
0
0
0
0
0
0.01
0
0
0
0
0.04
0
0
0
0
0
0
0
0
0
0
0
0
0.17
0
0.01
0
0
0
0
0
0
0.01
0
0
0
0
0
0
0
0
0
0
0
0
0
0
0
0
0
0
0.01
0
0
0.52
0
0
0
0.01
0
0
0
0.01
0
0
0
0
0
0
0
0
0.05
0
13.09
0
0
0
0
0
0
0
0
0
0
0
0
0
0
0
0
0
0
0
0
7.79
0
0.2
5.21
3.34
0
0
0
0
0
0
0
0
0
0
0
0
0
0.02
0
0
1.29
2.06
0.07
1.3
0.01
0
0.02
5.58
0
0
0.07
0
0
0
0
0
0
0
0
0
0
0.07
0
0
0.05
0
0
0
0.01
0
0
0
0
13.22
0
0
0
0
0
0
0.74
0
0
0
1.33
0
0
0
0.02
0
0
0.02
0
0
0
0
0
0
0.01
0
0
0
0
0
0
0
0
0
0
0
0
0
0
0
0.02
0
0
0
0
2.3
0
0
0
0.04
0
0
0
0
0
0
0
0
0.02
0
0
0
0
0
0
0
0
0
0
0
0
0
0
0
0
0
0
0
0
0
0.07
0.13
0
0
0
0
0.01
0
0.01
0
0.44
0
0.02
0
0
0.05
0
0
0
0
0
0.02
0
1.47
0
0
0.29
0
0
0
0
0
0
0
0
0
0
0
0
0
0
0
0.01
0
0
0
0
0
0
0
0
0
0
0
0
0
0
0
0
0
0
0.02
0
0
0
0
0
0
0
0
0
0
0
0
0
0
0
0
0
0
0
0
0
0
0
0
0.02
0
0
0.05
0
0
0
0
0.01
0
0
0
0
0
0
0
0
1.14
0
0
0
0
0
0.1
0
0
0
0
0
0
0
0
0
0.25
0.82
0
0
0
0.02
0
0
0.01
0
0
0
0
0
0
0
0
1.66
0
0.21
0.5
0
0
0.01
0
0
0
0
0.01
0
0.06
0
0
0
0
0
0
0
0
0
0
0.33
0.87
0
0.48
0
0.01
39.84
0
0
0.04
0
0
0
0.01
0
0
0
0
0
0
0
0
0.16
0
0
0
0
0
0
0
0
0
0
0.81
0
0
0
0
0
0
0
0
0.08
0
0
0
0
0
0
0.02
0
0
0
0
0
0
0
0.01
0
0.78
0
0.01
0
0.58
0.01
0.18
0
0
0
0
0
0.01
0
0
0
0
0
0
0.02
0
0
0
0
0
0
0
0.1
0.01
0
0
0.01
0
0.27
0
0
0
0
0
0
0
0
0
0
0
0
13.73
0
0
0
1.19
0.02
0
0
0
0
0.43
0
0
0
0
0
0
0
0
0
0
0
0
0
0
0
0.03
0
0.01
0
0
0
0
0.15
0
0.38
0
0
0
0
0
0
0
0
0
0
0
0
0
0
0
0
0.15
0
0
0
0
1.32
0
0.03
0.52
0
0
4.17
0
0
0.01
0
0
0
0
0
0
0
0
0
0
0
0
0.09
0
0
0
0.55
0
0
0
0
0.47
0
0
0
0
0
0
0
0
0
0
0
0
0
0
0
0
0
0
0
0
0
0.22
0.53
0.08
0
0
0
0
0
1.09
0
0
0
0
0
0
0
0.02
0
0
0
1.43
0
0
1.53
0.15
0
0
0
0.13
0
0.04
0
0
0
0.02
0
0
0
0
0
0
0
0
0
0
0
0
0
0
0
0.01
0
0
0
14.42
0
0.01
0
0
0
0
0.03
0.01
0
0
0
0
0
0
0
0
0
0
0
0
0
0
0
0.01
0
0
0
0
0
0.16
0
0
0
0.01
0
0
0.01
0
0.01
0
0
0
0
0.01
0
0
0
0.01
0
0
0
14.36
0
0
0
0
0
0
15.02
0
0
0
0.05
0
0
0
0
0.04
0
0
0.6
9.54
0
0
0.1
3.3
0
0.01
0
0
0
0
1.75
0
0.01
0
0
0
0
0
0
0
0
0.21
0
8.35
2.92
0
0
0
0
0
0
0
0
0.01
0.01
0
0
9.16
0
0
0
0.05
0
0
0.07
0
0
0
0.05
0
0
0
0
0
0.01
0
0
0
0
0
0
0
0
0
0
0
0
0.11
0.03
0
0
14.05
0
0
0
0
0
0
0
0
0
0
0.41
0
0
0.22
0
0
0
0
0
0
0
0
0
0.05
0
0
3.47
0
0
0.01
0
0.07
0
0
0
0
0
0.09
0
0
0
0
0
0
0
0
0.03
0
0
0
0
0
0
0
0
0
0
0
0
0
0
0
0
0.06
0.05
0.01
0
0
0
0.04
0
0
0
0
0
0.46
0
0
0.01
0
0
0
0
0
0
0.08
0
0.13
0
0
0
0
0
0
4.29
0
0
1.1
0
0
0
0
0
0
0
0
0
0
0
0.02
0.12
0.15
0
0
0
0
0.22
0
0
0
0
0
0
0
0
0
0
0
0.01
0
0
0
0
0
0.01
0.52
0
0
0
0.24
0
0
0
0.01
0
0
0
0
0
0
0
0
0
0
0
0
0
0
0
0.01
0
0
0
0
0
0.05
0
0
0.01
0
0
0.01
0
0
0
0
2.99
0
0
0
0
0
0
0
0
0
0.02
0.29
0
0.01
0
0
0
0
0
1.2
0
0
1.35
0
0
0
0
0
0
0
0
0
0
0.02
0
0.03
0
0
0
0
0
0
0.86
0
0.01
0
0
13.28
0
0.01
2.77
0
0
0
0
0.01
0
0
0
0
0
0
0
0
0
0
6.84
0
0
0
0
0
0
0.01
0
0
0
0
0
0
0
0.01
0
0
0
0.01
0
0.03
0
0
0
0
0
0
0
0.01
60.85
0
0.18
1.35
0
0
0
0
0
0
0
0
0.01
0
0
0.02
0
1.27
0.04
0
1.22
0
0
0
0.01
0
0
0
0
0
0
0
0
0
0
0
0
0.01
0
0.48
0
0
0.15
0.01
0
0.02
0
0
0
0
0
0
0
0
42.69
0
0
0.7
0.39
0
0.04
0
0
0
0
0
0
0
0.04
0.02
0
0
0
0
0
0
0
0
0
0
0
0
0
0
0
0
0
0
0
0.01
0.41
0.4
0
0
0
0
0
0
0
0
0
0
0
0
0
0
0
0
0
0
0
0
0
0.01
0
0
0
0
0
0
0
0
0
0
0
0.87
0
0.08
0
0
0
0
0
0
0
0.02
0
0
0
0.01
0
0
0
0
0
0
0
0
0
0
0
0
0
0
0
0.74
0
0
0
0
0
0
0
0
0
0
0
0
0
0
6.74
0.01
0
0
0
0
0
3.58
0
0
0
0
0
0
0
0
0
42.41
0.01
0
0.01
0
15.44
0
0.05
0
0
0
0
0
0
0
0.01
0.1
0
0
0
0
0
0
0
0
0
0
0
0
0
0
0
0
0
0
0
0.02
0
0
0
0.11
0
0
0
0
0
0
0
0
0
0
0
0.01
0.01
0
1.53
0
0
0
0
2.27
0
0
0.02
31.17
0.5
0
0
0
0.05
0
0
0
0
0
0.01
0
0
0
0
0
0.02
0
0
0
0
0
0
0.01
0
0
0
0
0
0
0
0
0
0
11.29
0
0
0
0.01
0
0
0.02
6.71
0
0
0
0
0
0
0
0
0
0
0
0
0
0
0
0
0
0
0
0
0
1.22
0
0
0.1
0
0
0
0
0
0
0
0
0
0
0
0
0
7.96
0
0
0
0
0
0.6
0
0.12
0
0
0.13
0
0
0
0.01
0
0
0
0.05
0
0
0
0.01
0
0.04
0
0
0
0
0
0.01
0
8.02
0
0
1.39
0
0
0
0
0
0
0
0
0.01
0
0.02
0
0
0
0.01
0.01
0
0.01
0
0
0
0
0
0
0
0
0.01
0
0
0.01
0.03
0
0
0
0
7.25
0
0
0
0
0.03
0
0
0.01
0
0
0
0
0
0
0
0
0
0
0
0
0
0
0.01
0
0
0
0
0
0
0
0
0
0
0
0
0
0.01
0
0
0
0
0
0.2
0
0
0
0
0
0
0
0
0
0
0
0
0
0
0
0
0
0
0.05
0.45
0
0.04
0
0
0
0
0
0
0
0
0
0
0
0
0
0
0
0.01
0.01
0.63
0
0
0
0
0
0
0
0
0
0.02
0.03
0
0
0.01
0
0
0
0.76
0.01
0
0
0
0
0.01
0
0
0
0
0
0
0
0
0.81
0
0
0
0.45
0
0
0
0
0
0
0.01
0
0.14
0
0
0
0
0
0
0
0
0
0
0.01
0
0
0
0
0
0
0.04
0
0.04
0
0.05
0
0
0.01
0
0
0.01
1.49
1.4
0
0.1
0.01
0
0
0
0
0
0
0
0
0.05
0
0
0.04
0
0
0.07
0
0.01
0
0
3.63
0
0
4.3
0
0
0
0
0
0
0
0
0
6.5
0
0
0
0
0
0
0
0
0
0
0
0
0
13.49
0
0
0
0
0
0
0
0
0.01
0
0
0
0
0
0
0
0
0
0
0
0
0
0
0
0
0
0
0.04
0
0.02
0
0
0
0
5.1
0
0.01
0
0
0.46
0
0.02
0
0
0
0
1.24
11.28
0.01
0
0.9
0
0
0.01
0
0
0
0
0
0
0
0
0
0
0.07
0.03
0
0
0
0
0
0
0
0
0
0.01
0.62
0
0
0
0
0.46
1.25
0
0
0
1.41
0.02
0
0
0
0.01
0
0
0.01
0.01
0
0
0.17
0
0
0
1.14
0
0
0
0
0
0
0.63
0
0
0
0
0
1.24
0.2
0
0
0.01
0
0
0
0
0
0
0
0
0
0
0
0
0
0
0
0
11.45
0
0.02
0
0.02
0
0
0
0
0
0
0
0
0
0
0
0
0
0
0
0
0
9.25
0
0.01
0
0
0
0
0
0
0.03
0
0
0
0
0
0
0
0
0
0
0
0
0.01
0
0
0.32
0
0
0
0
0
0
0.44
0
0
24.63
0
0
0
0.03
0
0
0
6.44
0
0.04
0
0
0
0
0
0.01
0
0
0
11.2
0
0
0
0
0.01
0
0
0
0
0
0.05
0
0
0
0
0
0.2
0
0
11.21
0
0
0
0
0
0
0.38
0
0.19
0
0
0
0
0
0
0
0
0
0
0
0
0
0
0.01
11.17
0
0
0
0
0
0
0.3
0
0
0
0
0.1
1.16
0
0.05
0
0
0
0
0
0
0
0
0
0
0
0
1.91
0.01
0
0
0
0
0.04
0
0
0
0.01
0
0
0
0
0
0
0
0
0
0.01
0
0
0
0
0
0
0
0
0
0
0
0
0
0
0
0
0
0
0.02
0
0.05
0.05
0
0
0
0
0
0
6.83
0
0
0
0
0
0
0
0
0
0
0
0.01
0
0
0.03
0
0
0
0
0
0
0
0
0
0
0
18.14
0
0
0
0
0
0
0
0.02
0
0
0
0
0
0
0
0
0
0
0
0
0
0
0
0
0.01
0
0
0
0
10.28
0
2.86
0
0
0
0
0
0
0.01
0
0
0
0
1.43
6.94
0.24
0.02
0
0
0
0
0
0
0
0
0
0.08
10.74
0
0
0
0
0
0
0
0
0
0
0.1
0
0.97
0
0
0
0
0
0
0
0
0.1
0.03
0
0
0
0
0
0
0
0
0
0
0
0
0
0
0
0
0
0
0
0
0
0
0
0
0
0
0
3.11
0
0
11.14
0
0
0
0
0.01
0
0
0
0
0
0.84
0
0
0
0
0
0
0
0.03
0
0.01
0
0
0
0
0
0
0
0
0
0.01
0
0
0.25
20.24
0
0
0
0
0.03
0
0
0
0
0
0
0
0
0.07
0
0
0
0.29
0.04
0
0.62
0
0
0.02
0
11.24
0
0
0
0
11.49
0.03
0.95
0
0
0.47
0.12
0
0
0
0
0
0.01
0
12.9
0
4.27
0
0
0
0
0.73
0
0
0
0
0
0
0
1.13
0
0
0
0
0
0
0
0
0.07
0
0
0
0
0
11.56
0
0
0
0.01
0.02
0
0
0
0
0
0
0
36.57
0
0
0
0
0
0
0
0
0.02
0.02
0
0
0
1.16
0
0
0
0
0
0
0
0
0
0.08
0
0
0
0.04
0
0
0
0
0
0
0.02
0
0
0
0
0
0
0
0
0
0
0
0
0
0.02
0
0
0.17
0
0.05
0
0
0
0.02
0
0
0
0
0
0
0
0.02
0
0
0
0
0
0
0.02
0
0
0
0
0
0
0.02
0.35
0
3.07
0
0
0
0
0
0
0
0
0
0
0
0
0
0.14
0.2
0
0
0
0
11.13
0
0
0
0
0
0
0
0
0
0
0
0
0
0
0
0
0
0
0
0.03
0
0
0
0
0
0
0
0
0
0
0
0
0
0.01
0
0
0.01
0
0
0
0
0
0
0
0.01
0
0
5.41
0
0
0
0
0
0
0
0
0
0
0
0
0
0
0
0
0
0
0
6.66
0
0
0
0
0.02
0
0
0.33
0
0.21
0
0
0
0
0
0
0
0
0.97
0
0
0
0.24
0
0
0
0
0
0
0
0
0
0.05
1.12
0
0
0
0
0
0
0
0
0.01
0
0
0.2
0
0
0
0
0
0
0
0
0
0
0
0
0.11
0
0
0
0
0
0
0
0
0
0
0.27
0
0
0
0
0
0
0
0
0
0
0
0
0
0.02
0
0
0
0.08
0
0.03
0
0
0.02
0.06
0
0
0.01
0
0
0
0
0
0
0
0
0.08
0
0
0.01
0.4
0
0
0
0.91
0.02
0
0
0
0
0
0
0.09
0
0
0
0.05
0
0
0
0
0
0
0
0
0
0
0
0
0
0
0
0
0
0
0
0.01
0
1.47
0
0
0
0
0
0
0.06
8.45
0
0
0
0.12
0
0
0.29
0
0
0
0.05
0.59
0
2.42
0
0
0
0
0
0
0
0
0
0
0
0
0
0
0
0
0
0
6.8
0
0
0
0
0
0
0
0
0.07
0
0
0
0
0.27
0
0.02
0
0
3.09
0
0
0
0
0.1
0
0.08
0
0
0.04
0
0
0.05
0
0.05
0
0
0
0
0
0
0
0
0
0
0
0
0.01
0.06
0
0
0
0
0
0
0
0
0.01
0
99.79
0
0
0
0
0
0
0
0
0
0
0
0
0
0
0
0.01
0
0
0.09
0
0
0
0
0
0
0
0
0
0
0
0.06
0
0
0
0
0
0
0
0
0
0.01
0
0
0
0
0
0
0
0
0
0.01
0
0
0
0
0
0
0
0
0
0
0
0
0.03
0
0
0
0
0
12.2
0
1.23
0
0
0
0
0
0
0
0
0
0.1
0.01
0
0
0
0
0
0.02
0.01
0
0
0
0
0
0
0.01
3.36
0
0.01
0.02
0
0
0
0.28
0
0
0
0
0
0
0
0
0
0
0
0
0
0
0
0
0
0
0.01
1.12
0
0
0.13
0
1.42
0
0
0
0
0
0.43
0
0
0
0
0
0
0.01
0
0
0.41
0
0
0
0
0
0
0
0.01
0.01
0
0
0
0
0
0
0
5.63
0
5.65
0
0
0
0
0
0
0
0
0
0
0
7.86
0
0
0
0
0
0
0
0
0
0
0
0
1.55
11.74
0.07
0
0
0
0
0
0
0.68
13.13
0
0
0
0
0
0
0
0
0
0.21
0.14
0.01
0.01
0
0
0.02
0
0.05
0
0
0
0
0
0
0
0
0
0
16.6
0.57
1.36
0.03
0
0
0
0
0
0
0
0
0
0
0
0
0
0
0
0
0
42.54
0
0
0
0
0
0
0.01
0
0
0
0
0
0
0.06
0
0
0
0
0
0
0
0
0
0
0
0
0
0
0.04
0
0
0
0
0
0
0
0
0
0
16.81
0
0.01
0.01
0
0
0
0
0
0
0
0
0
0
0.01
0
0
0
0
0
0
0
0
0
0
0
0
0
0
0
0
0
0
0
0
0
0
0
0
0
0
0
0
0.06
0
0
0
1.5
0.2
0
0
0
0
0
0
0
0
0
0
0
0
0.01
0
0
0
0
0
0
0
0
0.02
0
0
0
0
0
0
0
0
0.49
0
0
0
3.07
0.01
0
0
0
0
0.12
0
0
0
0
0
0
0
0
0
0
0
0
0
0
0
0
0.04
0.06
0
0
0
0
0
0.03
0
0
0
0
0
0
0
1.33
0
0
0
0
0
0
0
0
0.01
0
1.75
0
0.01
0
0
0
0
0
0
0.05
0.11
0
0
0
0
0
0
0.02
51.41
0
0.03
0
0
0
0
0
0
0
0
0
0
0
0
0
0
0.01
0
0
0
0
0
0
0
0
0
0
0
0.01
0
0
0.01
0
0
0
0
0
0
0
0
0
0
0.02
0
0
0
0.01
0
0.06
0
0
0
0
0.72
0
0
0
0
0
0
0
0
0
0
0
0
0
0
0
0.01
0
0
0
0
0
0
0
0
0
0
13.6
0
0
0
0
0
0
0
0
0
0
0
0
0.01
0
33.83
0
0
8.32
3.85
0
0
0.01
0
1.19
0.02
13.45
0
0
0
0
0
0
0
0
0
0
0
0
0
0.01
0
0
0
0
0.92
0.01
0
4.19
0
0
0
0
0
0
0
0
0
0.07
0.03
0
0.01
0
0
0
0
0
0
0.81
0
0
0
0
0
0
0
0
0
0
0
0
0
0.19
0
0
0
0
0
0
0
0
0
0.01
0
0
0
0
0
0
0
0.03
0
0
0
0
0
0
0
0
0
0
0
0
0
0
0
0
0
0
0
0
13.91
0
0
0
0
0
0
0
0
0
0
0.01
0.02
0.02
0
0.04
0.01
0
0
0.01
0
0.35
0
0
0
0.02
0
1.01
0
0
0
0
0
0
0.05
0
0
0
0
23.94
0.17
0.01
0
0
0.92
0
0.03
0
0
0
0
0
0
0
1.13
0
0
0
0.23
0
0
0
13.92
0
0.01
0
0
0
0
0
0
0
0
0
0
0
0
0
0
0
0.01
0
0
0
0
0.33
0.01
0
0
0
0
0
0.01
0
0
0
0
0
0
0.01
0
0
0
0
0
0
0
0
0
0.02
0
0
0
0
0
0
0
0
0
0
0
0
0
0
0
0
0.01
0.01
1.75
0
0
0.02
0.21
0
0
0
0
0
0
0.06
0
0
0
0
0.05
0
0
0
16.64
0
0
0.22
0
0
0
0
0
0
0
0
0
0
0
0.35
0
0
0.43
0
0.01
0
0
0
0
0
0
0
1.02
0
0
0
0
0
0
0
0
0
0
0
0
0
0
2.92
0.03
0
0.04
0
0
0
0
0
0.02
0
0
0
0
0
0.01
0
0
0
0
0.06
0
0.01
0
0
0
0
0
0
0
0
0
0
0.01
0
0
0
0
0
0
0
0
0
0.26
0.04
0
0
0
0
0
0
0
0
0
0
0
0
19.05
0
0
0
0
0
0.01
0
0
0
0
0
0
0
0.18
0.18
0
1.58
0
0
0
0.01
0
0
57.17
0
0
0
0
25.02
0
0
0
0.04
0
0.01
0
0.09
0
0
0
0.05
0
0
0
0.01
0
0
0
0.26
0
2.28
0
0
0
0
0
0
0
1.76
0.01
0.82
0
0
0
0
0
0.01
0.01
0
0
0
0
0
0
0
0.01
0
0
0
0
0
0
0
0.11
0
0
0
0
0
0
0
0
0.06
9.18
0.3
0
0
0
0
0
0.13
0
0.45
0
0
0
0
0
0.01
0.15
0
0
0
0.02
0
0
0
0
0
0
0
0.01
0
0
0
0
0
0
0
0
0
9.1
0
0
0
0
0
0
0
0
0
0.01
0
0
0
0.01
3.93
0
0
0.01
0
0
0
0
0.08
0
0
0
0
0.05
0
0
0
0.01
0
0
0
0
0
0
0
0
2.89
0
0
0
0
0
0
0.05
0.01
0
0
0
0
0.01
0
0
0
0
0
0
0
0
0
0
0
0
0
0.19
0
0
0
0
0
0
0
0
0
0
0
0
0
0
0
0
0
0
0
0
0
0
0
0
0
0
0
0.01
0.01
0
0
0
0
0
0
0.6
0
1.11
0
0
0
0
0
0
0
0
0
0.19
0
12.61
0
0
0
0.02
10.22
0
0
0.88
0
0
0
0.01
0
0.01
0
0.01
0
0
0
0
0
0
0.08
0
0
0
0
0.11
0
0
0
0
0
0.23
0
0
0.01
0
40.84
0
0.01
0.05
0.55
0
0
0
0
0
0.18
0
0
0
0
4.99
0
0
0
0
0
0
0
0
0
0
0
0
0
0
0
0
0
7.73
0
0
4.27
0
0
0
0
0.55
0.01
0
0
0.04
0
0
0.01
0
0
0
0
0
0.01
0
0
0
0
0
0
0
0
0
0
0
13.2
0
8.95
0
0
0
0.03
0
0
0
0
0.95
0
0
0
0
0
0
0
7.98
0
0
0
0.01
0
0
0
0.03
0
0.11
0
27.47
0
0
0
0.07
0
0
0
0
0
0
0
0
0
0.74
0
0.75
0
0
0.01
0
0
0.01
0
0
0
0
0
0
0
0.01
1.12
0
0
0
0
0
0
0
0
0
0
0.06
0
0
0
0
0.09
0
0
0
0
0
0
0
0
0
0.02
0
0
0
0
5.12
0.01
0
0
0.03
13.02
0
0.04
0
0
0
0
0
0
0
0
0
0.03
0
0.03
0
0.16
0
0
0
0.03
0
0
0
0
0
0
0
8.78
0.02
0
0.07
0
0.19
0
0.01
0
0
0
0
0
0
0
1.34
0.01
0
0
0
0.03
0
0
0
0.32
0
0
0
0
1.18
0
0.01
0
0
0
0
0
0.02
1.18
0
0
1.49
0
0
0
0
0
0
0.04
0
0
0
0
0
0.02
0
0.02
0
0
0
0
0.02
0
0
0
0
0
0
0
0
0
0.1
0
0.04
0
0
0
0
2.71
0.01
0
0
0
0
0
0
0
0
0
0
0
0.03
0.13
0.01
0.01
0.04
0
0
0.01
0
0
0
13.15
0
1.41
0
0
0.01
0
0
0
0.25
0
8.22
0.01
0
0
0
0
0
8.45
0
0
0
0
0.01
0.01
0
0
0
0
0.03
0
0
0
0
0
0
13.8
0
0
0
0
0
0
0
0
0
0
0
0
0
0
0
0
0
0
0
0
0
0
0
0
0.02
0
0
0
0
0
0
0
0
0
0
0.01
0
0
0
12.45
0
53.38
0.01
0
0
0
0
0
0
1.73
0
0
0
0
0.12
0
0
0
2.59
0
0
0
0
0
0
0
0
0
0.02
0
10.39
0
0.02
0
0
0
0
0
0
0
0
0
0
0
0.76
0
0
0
0
0.01
0.02
0
0
0
0
0
0
0
0
0
0
0
0
0
0
0
0
0.07
0
0
0
0
2.18
0
0
0.07
0
0
0
0
0
0
0
0
0
0
0
0
0.08
0
0
0
0
0
0.01
0
0
0
0
0
0
0
0.04
0.52
0
0
0
0
0.55
0
0
0
0
0
0
0
0
0.01
0
0
0
0
0
0
0
0
0
0
0
0
0
0
0
0
0
0
0
0
0
0
0
0
0
0
0
0.01
0
0
0
0
0
0
0
2.04
0
0
0
0
0
0
0
0
0.01
0
0
0
0
0
0
0
0
0
0.03
0
0
0
0
0
0
0
0
0
0
0
0
0
0
7.61
1.75
0.31
0
0.02
0.16
0
0
0
0
0
0
0
0
0
0
0
0
0
0
0.02
0
0.04
0
0
0
0
0
0
0
0
0
0
0.3
0
0
0.02
0
0
0
0
0
0
0
0.15
0
0.2
0
0.01
0
0
0
0
0
0
0
0
0
0
0.23
0
0
0
0
0
0
0
0
0
0
0.13
0
0
0.01
0.01
0
0
0
0
2.44
0
0
0.01
0
0.04
0
0
0.02
0
0
0
0
0.01
0
0
0
0
0
0
0
0
0
0
36.62
0
0
0
0
0.52
0.01
0
2.39
0
0
0
0
0.01
0
0
0
0.07
0
0
0
0
0
0
0
0
0
1.7
0
1.59
0.01
0.09
0
0
0
0
0
3.97
0
0.01
0
0
4.04
0
3.48
0
0
0
0
0
0
0.02
0.03
0
0
0
0
0
0
0
0
0.01
0
0.74
0
0
0
0.01
0.04
0.1
0
0
0
0.01
0
0
0.01
0
0
0
0.04
0
0
0
0
0
0
1.77
0
0
0
0
0
0
0
0
0
0.29
0
0
0
0
0.01
0
0
0
0
0
0
0
0
0
0
0
0
0
0.02
0
0
0
0
0
0
0
0
0
0
0.01
0
0
0
0
0
0
0.01
0
0
0
0
0.03
0
0
0
0.21
0
0
0
0
0
0
0
0
0
8.34
0.01
0
0
0
0
0
0
0
0
0
0
0
0
0
0.01
0
0
0
1.14
0
0.04
0
11.16
0.11
0.02
0
0
0.9
0
1.79
0
0
0
0.06
0
0.06
0
0.03
0
0.01
0.22
0
0
0
0
0
0
0
0
0
0
0.01
0
0
0
0
0
0
0
0
0.01
0.74
0
0.01
0
0
0
0
3.14
0
0
0
0
0
0
0
0
0.03
0
0
0.01
0
0
0
0
0
0
0
0
0
12.57
0.05
0
0
0
0
0.84
0
0
0
0
0
0
0
0.16
0.14
0
0
0
0
0
0.03
0
0.01
0
0
0
0
0
0
0
3.96
0
0
0
0
0
0
0
0
0
0
0
0
0
0
0
0
0
0
0
0
0.1
0
1.37
0
0
0
0
0
0
0
0
0.23
0
0
0
0.02
0.06
0
0
0
0
0
0.64
0
0
0
0
0.16
0
0
0
0
0
0
0
5.99
0
0
0
0
0
0
0
0
0.14
0.05
0
0
0
0
0
0.2
0
0
0
0.02
0
0
0
0
0
0
0
0
0
0
0
0.01
0
0.75
0.01
3.19
0
0
0.01
0
0
0.68
0
0
0
0
0
0
0
0
0
0
0
0
0
0
0
0.03
0
0
0
1.39
0
0
0
0
13.06
0
0
0.02
0
0
2.29
0
0
0
13.19
0
9.62
0
0.04
0.05
0
0
0
9.73
0
0
0
0
0
0
0
0
0
0
0
0
0.01
0
0
0
0
0
0.01
0
1.4
7.84
0
0
0
0
0
0
0
0
0
0
0
0.01
0.01
0
0
0
0
0
0
0
0
0
0
0
0
0.53
2.99
0
0.08
0
0
0
0
0
0
1.52
0
0
0
0
0
0
0.03
0
0.01
0.01
0
0.01
0.02
0
0
4.01
0
3.78
0
0.01
0.62
0
0
0
0
0.42
0
0
0
0.02
0
0
0
0
0
0.02
0
0
0
0
0
0.12
0
0
0
0
0
0
0.33
0
0
0
0
0.01
0
0
0
0
0
0
0
0
0.42
0
0
0
0
0
0
0.51
0
0
0.02
0
0
0
0.01
0
0
0
0
0.03
0
0.02
0
0
0.65
0
0
0
0.16
0
0
0
0
0
0
0
0
0
0
0
0
0
0
0
0
0
0
0
0
0
0.31
0
0
0
0
0
0
0
0.01
0
0
0
0
0
0
0
0
0
0.03
0
0
4.78
0
8.47
0
0
0
0
0
0.01
0
0
0
0
0
0
13.19
0
0
0
0
0
0.02
0
0
0
8.08
0
0
0
0.05
0
0
0
0
0
0
13.69
0
0
0
0
0
0
0
0
0
0.14
0.01
0.58
0
0
0
0
0
0
0
0
0
14.6
3.06
0
1.77
0
0.15
0.03
0
0
0
1.77
1.22
0.88
0
0
1.13
0
0
0
0
0
0.01
0
0
0
0
0
0.02
0
0
0
0
0
0
0
0
0
0
0
0
0
0
0
0
0
0
0
0
0
0
0
0
0
0
0.01
0
0
0.79
0
0
0
0
0
0
0
0.64
0.02
0
0
0
0
0
0.01
0
0
0
0
0
0
0
0
0
0
0
0
0
0
0
0
0
0
0
0.85
0
0
0
0
0
0
0
0
0
0
0
0
0
0
0
0
0
0
0
0
0
0
0
0
0.02
0
0
0
1.76
0
0
0
0
0
0
0
0
0
0
0
0
0
0
0
0.01
0
0
0
0
0
0
0
0
0
0
0.07
0
0
0
0
0
0.16
0
0
0
14.7
0
0
2
0
0
0.01
0
0.17
0
0
0
0
0
0
0
0.32
0
0.13
0
7.24
0
0
0
0
0.02
1.13
0
0
0
0
0
0
0
0.19
0
0.4
0
0.04
0
0
0
0
0.04
0.05
0
0
0
0
0
0
1.73
0.01
0
25.68
0
0.39
0
0
0.29
0
0
0.45
0
0
0
0
0
0.01
0
0
0
0
0
0
0
0
0
0
0
0
0.33
0
0
0
0
0
0
0
0
0
0
0
0.01
0
7.98
0
0.04
0
0
0
0
0
0
0
0
0
0
0.02
0
0.01
0
0
0
0
0
0
0.02
0
0
0
0
0
0
0
0
0
0
0
0
0
0
0
0
0
0
0
0
0
0
0
0
0
0
0
0
0
0
0
0
0.02
0
0.19
0
0
0
0
0
0.2
0.02
0
0.04
0
13.34
0
0
5.48
0
0
0
0
0
0.01
0
0
0.01
13.42
0
0
0
0
0.01
0
0
0
0
0
0
0
0
0.02
0
0
0
0
0
0
0
0
8.93
0
0
0.01
0.02
36.68
0
0
0.01
0
0
0.01
0.01
0
0
0
0.02
0
0
0
0.6
0
0
0
2.54
0
0
0
0
0.24
0
2.47
2.66
0
0
0
16.55
0
0
0
0
0
0
0.73
0
0
8.28
0
0
0.01
0.01
0
0
0
0
0
0
0
0
0
0
0
0
0
0
0
0
0
0
0.02
0
0.02
0
0.16
0
0
0
0
0
0
0
0
0
0
0
0
0
0
1.75
0
0
2.86
0
0
0
0
0
0
0
0
0
0
0.18
0
0
0
0
0
0
0
0
0.12
0
0
0.02
0
0
0
1.75
1.62
0
0
0
0
1.31
0.02
0
0.01
0
0
0
0
0
0.04
0
0
0
0
0
0.01
0
0
0
0
0
0
0
1.67
0
0.03
0.07
0
8.21
0
0
0
0
0
0
0
0
0
0
0
0
0
0.21
0
0
0.14
0
0
0
0
0
0
0
0.22
0
0
0
0
0
0
0
0
0
0
0
0
0
0
0.01
0
0
0
51.86
0
0
0
0.02
0
0
0
0
0
0
0
0
0
0
0
0
0.02
0
0
0
0
0
0.01
0
0
0
0
0
0
0
0
0
0
0
0
14.85
0.01
0
0.13
0
0
0
27.56
0
0
0
0
0
0
0
0
0
0
0
0.45
2.19
0.01
0
0
0
0
0
0
0
0
0
0
0.01
0
0.02
0.06
0.01
1.04
0.01
0
0
0
0
20.07
0
0.84
0.01
0
0
0.01
0
13.21
0
0
0
9.36
7.87
0
13.07
0
0
0
0
0
0
31.37
0.01
0
0
0
0
0
0
1.51
0
0
0
0
0
0
0
0
0
0
0
0.01
0
0
0
0
2.98
0
0
0.26
0
0
0
0.02
0
0
1.25
0
0
0.02
0
0
0
0
0.01
0
0.05
0
0
0.02
0
0
0.01
0
0
0
0
0
0
0.04
0
0
0
0.03
0
0.15
0
0
0
0
0
0
0
0
0.01
0
0.02
0
0
0
0
0
0.79
0.01
0
0
0
0
0
0
0
0.01
0
0
0
0
0
0
0
0
0
0.53
0
2.08
6.29
0
0
0
0
0
0
0
0
0
0
0
0
13.78
0
0
0
0
0.77
0
0
0.01
0
0
0
0
0
0
0
0
0
0.36
16.51
0
0
0.03
0
0
0.59
0
0
0
0
0.01
0
0
0
0
0
0
0
0
10.88
0
0
0
0
0
0
0
0
0
0
0.01
0
0.04
0
0
0
0.05
0.25
0
0
0
0
8.53
0
0
0.01
0
0
0
0
0
0
0
0
0
0
0.01
0
0
0
0.06
4.9
0.04
0
20.23
0
0
0
0
0
0.01
0
0.03
0
0
0
0
0
0
0
0
0
0
0
0.01
0
0
0
0
0
0
0
1.4
0
0
0
0.01
0
0
0
0
0
2.4
0
0
0
0
0
0
0
0
0
0
0
0.01
0
0
0.13
0
0
0
0
0
0
0
0.06
0
0
0
0
0
0
0.68
0
0
0
0
0
0.02
0
0
0.56
0
0
0
0
0
0
0
0
0
0
0
0
0
0
0
0
0
0
0
0
0
0
0.03
0
0
0
0
8.17
0
0
0
0.02
0.02
0
0
16.22
12.1
0
0
4.76
0
0
0
0
0
0
0
0
0.01
0
0
0
0
0
0
14.15
0
0
0
0
0
0
1.59
0.06
2.89
0
0
0
0
0
0
0
0
0
0
0
0
0.01
0
0
0.03
0
0
14.16
0
0
0
0
0
0
0.07
0
0
0
0
0
0
0
0
0.01
0
0.05
0.01
0
0.02
0
0
0.01
0
0
0
0
0
0
0
0
0
0
0
0
0
0
0
0
0
0.01
0
0
0
0
0.21
0
0
0
0.01
0
0
0
0
0
0
0
0
0
0
14.72
0
0.05
0
0
0
0
0
0.01
0.1
0
0
0
0
0
1.06
0
0
0
0
0
0
0
0
0
0.01
0.02
0
1.17
0
0
0
0.35
0.01
0
0.49
6.73
0
0
0
0
0
0
0
0
0.01
0
0
0.02
0.47
0
0
0
0
0
0
0
0
0
0
0.02
0
0
0
0.04
1.29
0
0
0
0
0
0
0.02
0
0
0.01
0
0
0
0.17
0
0
0
0
0
0
0
0.01
0
0
3.38
0
0.36
0
0
8.15
0
0
0
0
0
0
0.64
0
0
0
14.26
0
0
0
0
0
0.03
0
0
116.99
0
0
0
0
0.21
0
0
32.33
0
0
0
0.43
0
0
7.9
0
0
0
0
0
0.01
0
0
0
0
0.14
0
2.04
0
0
0.04
0
0.01
0
0
0
0.03
0
0
0
0
0
0
0
0
0.06
0
0
0
0
0
0.01
0
0
0
0.83
0
0.01
0
0
0
0.02
0
0
0
0.23
0
0
0.57
0
0
0
0
0
0
0
0
0
0
0
0
0
0
0
0
0
0
0
0.02
0
0
0
0
0
0
0
0
18.75
0
0
0
0
0
0
4.9
0
0
9.72
0
0
0.14
0
0
0
0
0.13
0.02
0
0.02
0
0
0
0
0
0
0
0
0.03
0
0
0
0
0
0
0
0
0
0
0
0
0
0
0
0
0
0
17.32
0
0.09
0
0
0.02
0
0
0
0
0
0
0
0
0
0.01
0
0
0.29
0
0
0.23
0
0
0
14.96
0
0.04
0
0.02
0
0.06
0
0
0
0
0
0
0
0
0
0
0
0
0
0
0
0
0
0
0
0
0
0
0
0
0
0
0
17.29
0
0
0.01
0
0
0
0
4.16
0
0
0.03
0
0
0
0.02
0.09
0
0
0
0
0
0
0
0
0.01
0
0
0
0
0
0.29
0
0
0
0
0
0
0
0
0
0
0
0
0
0
0
0
0
0
0
0.13
0
0
0
0.01
0
1.39
0.18
0
0
3.54
0
0
0.05
0
0
0
0
0.01
0
0.05
0.01
0.06
0
0
0
0
0.04
0
0
0
0
0
0.01
0
0
0
0
0
0.36
0
0
0
0.2
0
0
0
0
0
0.06
0
0
0
0.02
0
0
0
0
0
0
6.31
0
0.02
0
0
0.04
0
0
0
0
0
0
0
0
0
0.11
0
0
0
0
0
0
0
0
0
0
0
0
0
0
0.01
0
0
0
0.09
0
0.07
0
0
0
0
0.01
0
0
0
8.13
0.01
0
0
0
0
0.05
0
0
0
0
0
0
0
0
0
0
0
0
0
0
0
0
0
0
0.03
0.01
0
0
0
0.1
0
0
0
0
0
0
0
0.03
0
0.01
0
0
0
0
0
0
0
0
0
0
0
0
0
0.03
8.12
0
0
12.67
0
0
0
1.15
13.34
0
0
0
0
0
8.13
0
0
0.01
0
0
0
0
0
0
0
0
0.01
0
0
0
0
0
0
0
0
0
0
0.01
0
0
0
0
0
0.19
0
0
0
0
0
0
0
19.85
0
0
0
0
0
0
0
0
0
0.01
0
0
0
0
3.09
0
0
0
0
0
0
0
0
0
0
0
0
0
0
1.13
14.39
0
0
0
0
0.04
0
0.08
0.01
0
0
0
0
0
0
0
0
0
0.02
0
0.34
0
0
0
20.06
0
0.01
0
0.01
0
0.02
0
0.02
0
0
0
0
0
0
3.49
0
0
0
0.04
0
0
0.15
0
0
0
0
0
0
0
0
0
0
0
0
0
0
0
0
0
0
0
0
0
0
0
0
0
24.42
0
0
0
0
0
0.01
0
0
8.8
0.02
0
0
0
1.07
0
3.59
0
0
0
0
0
0
0
0
0
0
0
0
0
0.07
0
0
1.9
0
0
0
0
0
0
0
0
0
0
0
0
0.39
0
0
0
0
0
0.12
0
0
0
0
0
0
0
0
0
0.08
0.01
0
0.47
0
0
0
0
0
0
0
0
0
0
0
1.87
0
0
0.02
0
0
0
0
0
0.01
0
0
0
0
0
0
0
0.53
0
0
0
0
0
0.01
0
0
0.11
0.02
0.02
0
0
0
0
0
0
0
0
0
0
0
0
0
0
0
0
0
0
0.01
0
0
0
0
0
0
0
0
0.32
0.09
0
0
0
0
0
0
0.01
0
0
0
0
0
0
0
0
0
0
0
0
0
0
0
0
0
0
0
0.01
0
0
0
0
0
0
0
0
0
0
0
0
0
0
0
0.03
0
0
1.13
0.25
5.89
0
0
0
0
0
0
0.49
20.24
0
0
0.4
0
0
0.18
0
0
0
0
0
0
0
0
0
0
0
0
0
0
0
0
0
0
0
0
0.15
0
0
0
0
0.11
0
0
0
0.26
3.29
0.02
0
0
0
0
0
0
0.06
0
0.01
0
2.66
0
0.18
0.39
0
0
0
0.26
0
0.06
0.01
0
0
0
0
0
0.56
0
0
0
0
0.4
0
0.8
9.49
0.22
0
0
0
0
0
0
1.38
0
0
0
0
0
0
0.05
0
0
0
1.47
0
0.06
0
0
0
0
0
0
14.38
0
0
0
0
0
0
0
0
0
0
0
0.01
0
0
0
0
0
8.96
1.53
0.1
0
0.08
0
0.02
0
0
0
0
0
0
0.06
1.97
0
0
0
14.78
0
0
0
0
0
0
32.9
0
0.03
0
0
0
0
0
0.13
0
0.02
0
1.02
0
0
0
0
0
0
0
0
0
0
0
0
0
0
0
0.01
0
0
0
0
0
0.23
0
0
0
0
0
0
0.46
0
0
0
0
0
0.33
1.5
0
15.01
0
0
0
0.01
0
0
0
7.82
0
5.05
0
0
0
0
0.01
0
0
0
0
0.04
0
0
1.85
0
0
0.02
0
0
0
0.04
0
0.8
0
0
0.05
0
0
0
1.5
0.11
0
0
0.13
0
0
0.13
0
0
0
0
0
5.77
0.03
0
0
0
0
0
0
0
0
0.01
0.05
0
0.02
0
0
0
0
0
0
0
0
0
0
0
0
0
0
0
0.01
3.81
0
0
0
0
0
0
0
0
0
0
0
0
0
0
0.7
0
0.02
0
0
0
0
0
0
24.3
0
0
0
0
0
0.01
0.01
0
12.69
0.12
4.04
0
0
0
0.01
0.5
0
0.01
0
0
0
0
0
0
0
0
0
0.12
0
0
0.03
0.04
0
6.62
0
0
0.5
0
1.72
0
0
0
0
0
0
0.01
0
0.02
0
0
0
0
0
0.01
0
0
0
0.01
0
0
0
0
0
0
0
0
0.01
0
0
0.05
0
0
0
0
0
0
0
0
0
0
0
0
0
0
0
0
0
0
0
0
0
0
0
0
0
0
0
0.55
0.55
0
0
0
0
0
0
0
0
0
0
0
4.97
0
0
0
0
0.01
0
0
0
0
0
0
0
0
0
0
0.21
0
0
0.18
12.97
0
0
0
0
1.47
0
0
0
0
0.04
0
0
0
1.23
0
0
0
0.07
0
0
0
0
0
0
0.02
0
0
0
0
1.49
0
0
0
0
0
0
0
0
0
0
0
0
0.13
0
0
0.04
0
0
0.02
0
0.01
0
13.23
0
0
0
0
0
0.07
0
0.01
0
0.01
0.01
0
0.52
0
0.04
0
0
0
0
0
0
0
0
0
0
1.23
0
0
0
0.01
0
0
0
0
0
0
0
0
13.73
0
0
0
0
0
0
1.2
0
0
0
0
0
0
0
0
0
0
27.06
0
0
4.01
0
0.01
0
0
0.02
0
0.02
0
0
0
0
0
0
0.16
0
0
0
0
0
1.44
0
0
0
0
0
0.02
0
0
0
0
0
0.01
0
0
0
0
0
0
0
0
0
0
0
0.01
0
0.06
0
0
0
0
0
0
0.04
0
0
0
0.01
0.01
0
0
0
0
0.42
0
0
1.66
0.02
0
75.35
0
0
0
0
0
0
0
0
0.01
0
0
0
0
0
0
0
0
0
0
0
0.01
0
0
0.08
0
0
0
0
0
0
0
0
13.57
0
0
0
0
0
0
0
0
0
0
0
0
0.58
2.08
0.01
0
0
0
0
0.11
2.44
0
0
0
0.37
0
0
0
0
0
0
9.91
0
0.03
0.27
0
0
0
0
0
0
0
0
0
0
0
0.02
0
0
0.06
0.01
0.02
0
0
0
0
0
0
0
0
0
0
0
0
0
0
0
0.2
0
0
0
0
0
0
0
0
0.07
0
0
0
0
0
0
2.99
0
0
0.02
0
0.02
0
0
0.01
0
0
0.03
0
0.01
0
0
0
0
0.01
0
0
0
0
1.22
0
0.02
0.04
0
0
0
0
0
0.02
0
0
0
0
0.24
0
0
0
0
0
0
0
0
0
0
0
0.94
0.09
0.02
0
0
0
0.01
0
0
0
0
0
0.01
0
0
0
0
0
0
0
0
0
0
0
0
0.19
0
0
0
1.45
0
0.01
0
0
0
0
0.12
0
0
0
0
0
0
0.01
0
0
0
0
0.03
14.05
0.06
4.02
21.01
0
0.02
0
0
0
0
0
0
0
0
0
0
0
0
0.12
0
0
0
0
0
0
0
0
0
0
0
0
0
0
0.01
0
0
0.02
0
0
0
0
0.01
0.01
0
0
0
0.25
0
0
0
0
0
0.1
0
0
0.01
0
0
0
0
0
0.03
0
0
0
0
0
0
0
0
0
0.01
0
0
0
0
0.01
0
0
0
0.12
0
0
0
0
0
0
0.03
0
0
0
0
0
0
0
0
0
0
0
0.02
0
0.03
0
0.18
0
0
0
0
0
0
0
0
0
0
0
0
0
0
0
0
0
0
0
0
0.01
0
0
0
0
0
0
0
0
0
0
0
0.01
0
0
0
0
0
0.02
0
0
0.01
0.04
0
0.01
0
0
0.01
0
0.02
0
0
0
0
0
0
0
0
0.02
0
0
2.71
14.25
0
0
0
0
0
0
0.01
0
0
0
0
0
0
0
0
0
0
0
0
0.01
0.48
0
0
0
0
0
0
0
0
0.01
0
0
14.36
0.24
0
0
0
0
0
0
0.02
0.01
0
0
0
0
0
0
0
0.09
0
0
0
0
14.6
0
0
0
5.35
0
0
0
0
0
0
0
0
0
0
0
0
0
14.17
0.01
0.02
0
0
0
0
0
0
0.64
0
14.14
0
0
0
0
14.99
0
0
0
0
0
0
0.02
0
0
0
0.08
0
0.52
0
11.82
0
0
0.06
14.97
0
0
0
0.03
0
0
0.43
0
0
0
0
1.24
0.07
0
0
5.63
0
0
0
0
0
0.01
0
0.01
0
0
0.19
0
0
0
0
0
0
0
0
0.01
3.49
0
0
0
4.93
0
0
0
0
0
0
0
0
0
0
0.28
0
0
0
0
3.32
0.03
0
0
0.06
0
0
0
0
0
0.01
0
0.26
8.96
0
0
0
0
0
0.01
0
0.08
0
0
0
0
0
0
0
0
1.89
0
0
0
0.02
0
0
0
0
0
0
2.79
0
0
0
0
0
0
0
0
0
0
17.77
0
0
0
0
0
0
0.01
0
0
0
0
0
0
0
0
0
0
0
0
0
0
0.04
0
0
0
0
0
0
0
0
0
0
0
0
0
0
0.01
1.66
0.02
0
0
0
0
0
0.05
0
1.31
0
0
0
9.23
0
0
0
0
0
0
0
0
0.02
0
0
0
0
0.03
0
0
0
0
0
0
0
0
0
0
0
0
0
0
0
0
0
0
0
0
0
0
0
0
0
0.14
0
0
0
0.01
0
0
0
0
0
0.1
0
0
0
0
0
0
0
0
0
0
2.24
0
0
0
0
0
0
0
0
0.01
0
0
0
0
0
0
0.01
0
0
0
0
0
0
0
0
0.01
0
0
0
0.74
0
0
0
0
0
0
0
0
0
0
0
0
0
0
0
0
0
0
0.15
0
0
0
0
0
0
0
0
0.01
0
0
0.01
0
0
0
0.01
0
3.04
0
0
0
0
0
0
0
0
0
0
0.01
0
0.48
0
0
0
0
0
0
0
0.01
0
0
0
0
0
0
0.09
0
0.01
0
0.01
0
0
0
0
0.01
0
0
0.04
0
0
12.22
0
0
0
0
0
0
0
0
0
0.04
0
0
0
0
0
0
0
0
0.06
0
0
0
0
0
0.02
0
0
0
0.02
0
0.01
0
0
0.01
0
0
1.22
0
0
0
0
0
0
0.05
0
0
0.01
0
0
0
0
13.35
0
0.07
0
0
0
0
0.61
0
0
0
0
0
0
0
0
0
10.53
0
0.01
4.15
0
12.19
0
0
0.01
0
0
0
0
0
0
0
0
0
0
0
0
0
0
0
0.01
0
0
0
21.58
0
0
0.15
0.01
0.01
0.03
0
0
0.03
0
0
0
0.01
0
0
0
0
0
0
0
12.41
0
0.17
0
0
0
0
0
0
0
0
0
0
0
0
13.1
0
12.71
0.17
0
0
0
0
0
1.56
0
0
7.82
0
0
0
0
0.01
0
0
0
0
0.03
0
0
0
0
0
0
0
0.01
0
0
0
0
0
0
0.17
0
0
0
0
0
0
0
0
0
0
0
0
0
0.01
0
0
0
0
0
0
0
0
0
0
0.14
0
0
0
0
0
0
0
0
0
0
0
0
0
0
0
0
1.2
0
0
0
0
0
0
7.54
0
0
0.02
0
0
0
0
0
0
0
0
0
0
0
0
0
0
3.35
0.02
0
0
0
0
0
0.01
9.6
0
0
0
0
0
0
0.01
0
0
0
0
0
0
0
0
0
0
0
4.2
0.84
0
0.14
0
0
0
0
0
0
0
0.01
0
0
0
0
0
0
0
0
0
0
0
0
0
0
0
0.51
0
0
0
0
0
0
0
0
0
0
0
0
0
0
0
0
0
0
0
3.68
0
0
0
0
0
0.15
0
0
0
0
0
0
0
0
0
0
0
0
0
0
0
0
0
0
0
0
0.01
0
0.01
0
0
0.23
0
0
0.01
0
0
0
0
0
0
0
0
0
0
0.9
0.02
0
0
0
0
0
0
0
0
0.02
0
0
0
0.07
0.19
0
0
0
0
0
7.56
0.08
0
0
0.01
0
0
0
0
0
0.05
0
0
0
0
0
0
0
0
0
0
0.01
0
0
0
0
0.02
15.91
0
0
1.57
0
0
0
0
0
0
0
0
0
0
0
0.01
0
0
0
0
0
0
0
0
0
0
0
0
0
0.01
1.67
0
0
0
0
0.06
0.44
0.01
0
0
0
0
0
0
0
0
0
0
7.87
0
0
0
0
0
0
0
0.02
0
0
0.16
0
0
0
0
10.06
0
0
12.86
0
0
0
0
0
0
0
0
0
0
0
0
0
0
0
0
0
0
0
0
0.02
0
0
0
0
0
0
0.01
0
0
0
0
0
0
0
0.02
0
0
0
0
0
0
0
0.06
0
0
0.51
4.49
0.02
0
0.01
0
13.15
4.03
0
0
0
0
0.05
0
0
3.13
0
0.01
0
0.04
0
0.02
0
38.61
0
0
9.98
0
0
0
0
20.23
0
0
0
13.21
0
0
0
0
0
0.38
0
0
0
0
0
0.16
0
0
0
0
0
0
0
0
0
0
0.01
0
0
0
0.03
0
0.02
0
0
0
0
0
8.62
0
0
0
0
0
0
0
0.06
0
0
0.02
0
0
1.8
0
0.02
13.14
0
0
0
0
0
16.69
0
0
0
0
0
0
0
2
0
0
0.03
0
0
0
0
0
12.96
0.01
0
0
0
0
0
0
0
0
0.01
0
0.15
0
0
0
0.02
0
0
0
0
0
4.24
0
0
0
0
0.01
0
0
0
0
0
0
0
0
0
0
0
0
0
0
0
0.31
0
0
0
0
0.01
0
0
4.32
0
0
0
0
0
0
0
0
0
0
0
0
0.01
0
0.01
0
0
0
0.04
0.01
0
0.01
0.02
0.03
0
0
0
0
0
0.01
0
0.25
0
0
0.01
0
0
0
0
0
0
0
0
0
0
0
0
0.07
0
0
0
0
0
0
4.38
0
0
0
0
0
0
1.54
0.21
1.72
0
0.01
0
0
0
0
0
0
3.66
0
0
0
0
0.6
0
0.02
0
0
0
0
0
0.93
0
0
0
0
34.32
0
0
0
3.87
0
8.96
0
0
0
0.01
0
0
0
0
0
0
0
0.02
0
0
0
0
0
0
0
0
0.02
0
0.03
0
0
0.02
0
0
0
0
0
0
0.14
0
0.01
0
0
0
0
0
0.01
0
0
